271
1.458250 6.277731
1.450500 0.017726
1.453500 0.040633
1.450250 0.064086
1.465750 0.086994
1.464000 0.109628
1.473000 0.134172
1.459500 0.157352
1.458750 0.180260
3.069250 0.196895
3.097250 0.220075
3.106000 0.243801
3.130000 0.266708
3.189250 0.290434
2.452500 0.316068
2.452750 0.339248
0.000000 0.494146
0.000000 0.517326
0.000000 0.540779
0.000000 0.563960
0.000000 0.587412
1.727250 0.481602
0.000000 0.634045
0.000000 0.657226
3.544750 0.546779
3.589000 0.569959
0.000000 0.727311
3.287250 0.617137
3.158500 0.640590
3.066500 0.663770
2.981500 0.687769
0.000000 0.844303
0.000000 0.867483
0.000000 0.890936
0.000000 0.914116
0.000000 0.937569
0.000000 0.961022
0.000000 0.984202
0.000000 1.007655
0.000000 1.030835
0.000000 1.054288
2.434000 0.946023
2.436000 0.969476
2.530750 0.992383
2.613750 1.015291
2.705250 1.038198
2.798750 1.061924
2.925500 1.084831
3.008500 1.107739
0.000000 1.264546
0.000000 1.287726
0.000000 1.311179
0.000000 1.334359
0.000000 1.357812
0.000000 1.380992
4.660000 1.269182
4.646750 1.292634
4.591750 1.316087
4.541250 1.339267
4.534500 1.362720
4.525750 1.386173
4.522000 1.409353
4.475750 1.432806
4.473000 1.455986
4.473000 1.479439
4.088000 1.502892
4.038750 1.526345
4.140750 1.548980
4.380000 1.571614
0.000000 1.729785
2.011000 1.623702
2.029500 1.646064
0.000000 1.799871
0.000000 1.823051
0.000000 1.846504
0.000000 1.869411
0.000000 1.892864
0.000000 1.916317
0.000000 1.939497
0.000000 1.962677
0.000000 1.985857
0.000000 2.009310
0.000000 2.032490
0.000000 2.055670
0.000000 2.079123
0.000000 2.103667
0.000000 2.127120
2.163000 2.019673
2.135500 2.042853
0.000000 2.197206
0.000000 2.220386
0.000000 2.243839
0.000000 2.267292
1.754500 2.162299
0.000000 2.313925
0.000000 2.337105
0.000000 2.360558
0.000000 2.384011
1.261250 2.282018
1.260250 2.305471
1.260500 2.330287
1.260500 2.352104
1.270000 2.376647
1.289750 2.399282
0.000000 2.547908
0.000000 2.571361
1.284250 2.469095
1.268250 2.493912
1.258750 2.516001
1.249000 2.539999
1.235000 2.563725
1.230250 2.587723
0.000000 2.734985
0.000000 2.758166
1.867000 2.652082
1.038500 2.684535
1.027500 2.708260
1.020750 2.729804
1.002250 2.754348
0.988000 2.777801
0.981000 2.800708
1.010500 2.820888
1.606750 2.837251
1.623000 2.860976
1.614250 2.883611
1.600000 2.907064
1.569250 2.930789
1.658750 2.953697
1.650500 2.976059
1.644000 3.000057
1.636750 3.022692
1.635750 3.045599
1.628250 3.069052
1.627250 3.092778
1.623500 3.116231
1.623250 3.139411
1.622250 3.162591
1.627500 3.184953
1.628500 3.208133
1.626500 3.232677
1.632000 3.255312
1.639750 3.278492
1.642500 3.301672
1.646750 3.325670
1.654250 3.348305
1.660750 3.372303
1.675000 3.395211
1.681750 3.418118
1.691500 3.440753
1.705000 3.464206
1.718500 3.487113
1.731750 3.510839
0.000000 3.662464
1.056000 3.562926
1.056000 3.586106
1.063000 3.609832
1.076750 3.632467
1.080000 3.657828
1.091000 3.679918
0.000000 3.825816
0.000000 3.849269
0.000000 3.872449
1.088500 3.773184
1.084500 3.797182
1.082250 3.818999
1.081250 3.842724
1.091250 3.865632
1.102000 3.889357
1.561500 3.907356
1.524000 3.931081
1.483000 3.954534
1.457750 3.978805
1.425250 4.001986
1.436750 4.025711
1.481500 4.047800
0.000000 4.197790
0.000000 4.220697
0.000000 4.244150
0.000000 4.267330
0.000000 4.290510
0.000000 4.313963
0.000000 4.336871
0.000000 4.360051
0.000000 4.383503
0.000000 4.406683
0.000000 4.429864
0.000000 4.453044
0.000000 4.476497
0.000000 4.499677
0.000000 4.522857
0.000000 4.546310
0.000000 4.569490
0.000000 4.592670
0.000000 4.614759
0.000000 4.637940
0.000000 4.661120
0.000000 4.684300
0.000000 4.707480
0.000000 4.730388
1.180250 4.629486
1.175750 4.654029
1.199500 4.676392
1.202500 4.698753
1.184000 4.722752
1.190750 4.746205
1.189750 4.768839
1.192250 4.792838
0.000000 4.939009
1.239000 4.838107
1.263500 4.861287
1.275750 4.884195
1.335750 4.907648
0.000000 5.055728
5.190750 4.943099
5.260000 4.966825
5.265750 4.989460
5.279500 5.012913
5.289250 5.036093
0.000000 5.195082
5.444250 5.082453
0.000000 5.241442
0.000000 5.264622
0.000000 5.287802
0.000000 5.310982
0.000000 5.334163
0.000000 5.357615
0.000000 5.380523
0.000000 5.403703
1.278250 5.302256
0.000000 5.449245
0.000000 5.472425
0.000000 5.495333
0.000000 5.518513
0.000000 5.541693
0.000000 5.564873
0.000000 5.587780
0.000000 5.611234
1.274250 5.509241
1.243750 5.532967
1.229000 5.556965
1.230000 5.579599
1.246750 5.601962
0.000000 5.750041
0.000000 5.772949
2.240250 5.665230
2.206000 5.688410
2.164750 5.711863
2.127750 5.735315
2.120250 5.758496
2.194750 5.781403
2.152500 5.805129
2.126250 5.827764
2.098250 5.851489
2.080250 5.874669
2.055000 5.898122
2.082500 5.921030
2.207000 5.943119
2.335250 5.966026
1.523750 5.993024
1.516750 6.017295
1.541750 6.039930
1.505000 6.062565
1.492750 6.086290
1.485000 6.109198
1.479000 6.133196
1.475250 6.158285
1.465500 6.180920
1.469250 6.204373
1.456250 6.228098
1.457500 6.251278
1.451750 6.273913

271
1.446750 0.014999
1.441750 0.038179
1.445500 0.061632
1.449750 0.084267
1.456250 0.107720
1.458000 0.130900
1.459000 0.153807
1.454500 0.176715
0.000000 0.327249
3.090500 0.217348
3.099000 0.240528
3.106000 0.263981
2.435250 0.287434
2.434250 0.310887
2.434500 0.334340
0.000000 0.488692
2.419250 0.380155
0.000000 0.535325
0.000000 0.558233
0.000000 0.581685
0.000000 0.604866
0.000000 0.628046
0.000000 0.651226
0.000000 0.674406
3.552750 0.563687
3.543500 0.586867
3.669000 0.609774
3.546000 0.633500
3.665000 0.656407
0.000000 0.813487
3.007500 0.706040
3.939000 0.727857
3.986750 0.750764
3.904500 0.774217
4.306250 0.797125
4.415000 0.820305
4.482250 0.843485
4.601750 0.866665
3.626500 0.891209
4.875000 0.913298
5.081250 0.936478
2.398000 0.963204
5.448750 0.982566
5.275250 1.006019
5.260000 1.029472
0.000000 1.188187
0.000000 1.211368
2.980250 1.102012
0.000000 1.257455
0.000000 1.280635
0.000000 1.304088
0.000000 1.327268
0.000000 1.350721
0.000000 1.373629
0.000000 1.397081
4.650750 1.284999
4.638750 1.308179
4.545000 1.331904
4.537250 1.355085
4.528750 1.378265
4.518250 1.401445
4.516250 1.424898
4.473000 1.448078
4.435000 1.471531
0.000000 1.629701
4.038750 1.517891
4.038750 1.541071
4.193250 1.563979
0.000000 1.722149
0.000000 1.745602
2.017500 1.638973
0.000000 1.791962
0.000000 1.815142
0.000000 1.838595
0.000000 1.861503
1.598250 1.757601
0.000000 1.908136
0.000000 1.931316
0.000000 1.954496
1.737000 1.849504
0.000000 2.001129
0.000000 2.024309
0.000000 2.047489
0.000000 2.070942
0.000000 2.094940
0.000000 2.118121
0.000000 2.141301
2.122000 2.034672
0.000000 2.187934
0.000000 2.211114
0.000000 2.234567
0.000000 2.257747
0.000000 2.281200
1.748500 2.175662
0.000000 2.327560
0.000000 2.351013
1.783750 2.244930
0.000000 2.397373
1.271500 2.295381
1.261500 2.319652
1.270750 2.341741
1.269750 2.366012
1.275500 2.390283
0.000000 2.538363
0.000000 2.561543
0.000000 2.584723
0.000000 2.608176
1.273250 2.506184
1.268250 2.530727
1.258750 2.552817
1.244250 2.577088
0.000000 2.724622
0.000000 2.748348
1.883750 2.641992
1.057750 2.673353
1.044750 2.695716
1.033250 2.719714
1.063000 2.742621
1.004750 2.767165
0.996750 2.790890
0.987750 2.814343
0.000000 2.954515
1.435750 2.850886
1.501750 2.874339
1.584000 2.896156
1.606250 2.919063
0.000000 3.070143
1.665500 2.964878
1.659500 2.988604
1.656250 3.012057
1.647000 3.034691
1.645250 3.058144
1.639750 3.080779
1.639750 3.103959
1.636000 3.127139
1.635500 3.150047
1.641000 3.173499
1.638000 3.197498
1.643500 3.219860
1.644500 3.245222
1.648750 3.268129
1.655500 3.290491
1.659500 3.314217
1.664000 3.337669
1.671500 3.360304
1.682000 3.384030
1.693250 3.406665
1.705250 3.430390
1.712250 3.452752
1.725500 3.475660
1.742500 3.499112
1.756250 3.522838
0.000000 3.674464
0.000000 3.697644
1.076500 3.599196
1.077000 3.622104
1.091000 3.644466
1.098250 3.667373
0.000000 3.812999
0.000000 3.836179
0.000000 3.859359
1.092250 3.760094
1.096000 3.783274
1.095500 3.806999
1.095500 3.828816
0.000000 3.975260
0.000000 3.998440
1.590000 3.893993
1.534000 3.917719
1.508500 3.940899
1.481500 3.964079
1.439000 3.988077
1.438250 4.011530
1.476500 4.033892
2.470000 4.051618
2.469250 4.075071
2.418000 4.098251
2.382250 4.121704
2.361500 4.144339
2.299750 4.167792
2.268000 4.190972
2.236000 4.214152
2.209250 4.237605
2.180000 4.260785
0.000000 4.414865
0.000000 4.438045
0.000000 4.460952
0.000000 4.484406
0.000000 4.507313
0.000000 4.530493
0.000000 4.553673
0.000000 4.576853
0.000000 4.600033
0.000000 4.622668
0.000000 4.645848
0.000000 4.669028
0.000000 4.691936
0.000000 4.715116
1.187000 4.614487
1.177000 4.637122
1.200500 4.660574
1.202250 4.684573
1.183000 4.707208
1.187250 4.729569
1.189500 4.752477
1.192750 4.776203
0.000000 4.923192
1.235000 4.821472
1.268250 4.844652
1.270000 4.868378
0.000000 5.015640
5.177250 4.902466
5.185250 4.925646
5.188000 4.948554
5.261500 4.971734
5.271250 4.994641
5.282250 5.018094
5.293500 5.041002
0.000000 5.199718
0.000000 5.222898
5.089000 5.110542
0.000000 5.268985
0.000000 5.292165
0.000000 5.315073
0.000000 5.338253
1.268250 5.237079
1.263500 5.260259
1.236750 5.283984
1.330250 5.304983
0.000000 5.451972
0.000000 5.474880
2.366500 5.366615
0.000000 5.520695
0.000000 5.543875
0.000000 5.566782
0.000000 5.589690
0.000000 5.612870
1.225750 5.512240
1.210000 5.534603
1.201250 5.557237
1.209000 5.579872
0.000000 5.727680
0.000000 5.750587
2.252000 5.642322
2.199250 5.666048
2.167750 5.689228
2.138750 5.712408
2.105750 5.735588
2.137250 5.757678
2.157000 5.780858
2.125750 5.803765
2.106500 5.826673
2.079750 5.850125
2.055750 5.873578
2.034750 5.896759
2.120750 5.919120
2.249000 5.941755
2.384750 5.964117
1.510500 5.992206
1.503750 6.014296
1.501750 6.036930
1.490250 6.060111
1.480500 6.083018
1.471750 6.107289
1.471000 6.129651
1.464500 6.153104
1.458250 6.176829
1.451000 6.200828
1.451000 6.223189
1.444750 6.246643
1.438750 6.269823

271
1.439750 0.009545
1.438000 0.032452
1.426500 0.056178
1.442750 0.078540
1.446000 0.102538
1.445500 0.125173
1.451500 0.147535
1.439500 0.171260
0.000000 0.320704
3.068250 0.210530
3.092500 0.233438
3.104250 0.256618
3.111250 0.279798
2.418250 0.302978
2.433250 0.325340
0.000000 0.480238
0.000000 0.503146
0.000000 0.526053
0.000000 0.548961
0.000000 0.571868
0.000000 0.594775
0.000000 0.617956
0.000000 0.640863
3.504750 0.529871
3.525250 0.552778
3.392750 0.575959
3.289000 0.598866
3.189250 0.622046
3.095250 0.645499
2.981500 0.668952
3.007250 0.691314
0.000000 0.849484
0.000000 0.872392
0.000000 0.895572
0.000000 0.918752
4.460000 0.806669
4.481500 0.829577
4.600750 0.852757
3.666250 0.877028
4.871750 0.898572
5.085250 0.921479
2.385500 0.949023
2.473750 0.971112
2.550750 0.994292
2.635000 1.017200
2.748250 1.039834
2.847500 1.062469
2.954000 1.085377
0.000000 1.241638
0.000000 1.265909
0.000000 1.289089
0.000000 1.311997
0.000000 1.335177
0.000000 1.358357
0.000000 1.381537
4.606750 1.269454
4.596750 1.292634
4.589000 1.315542
4.534500 1.338995
4.527750 1.362175
4.522000 1.385082
4.519250 1.408262
4.476750 1.431443
4.436000 1.454623
4.196500 1.477803
4.039500 1.501256
4.039500 1.524436
4.194000 1.549252
4.426750 1.572160
0.000000 1.730330
2.019250 1.623156
0.000000 1.776963
0.000000 1.800143
0.000000 1.823324
1.877000 1.716968
0.000000 1.869684
0.000000 1.892864
0.000000 1.916044
0.000000 1.939497
1.735750 1.834505
0.000000 1.985857
0.000000 2.009037
0.000000 2.032218
0.000000 2.055398
0.000000 2.078578
0.000000 2.102031
0.000000 2.125211
2.126250 2.017764
0.000000 2.171571
0.000000 2.195024
0.000000 2.218204
0.000000 2.241385
0.000000 2.264838
1.755250 2.159572
0.000000 2.311198
0.000000 2.334378
0.000000 2.357558
0.000000 2.380738
1.274250 2.279291
1.270750 2.302744
1.276000 2.325651
1.275750 2.348559
1.288500 2.371466
0.000000 2.519819
0.000000 2.542999
0.000000 2.566180
0.000000 2.589360
0.000000 2.612540
1.268250 2.511911
1.259250 2.535091
1.254000 2.557725
1.244750 2.580906
1.244250 2.604358
1.890750 2.622903
1.068750 2.652628
1.055000 2.676899
1.043750 2.700624
1.053500 2.723804
1.016250 2.747530
1.006500 2.770437
1.002500 2.793345
1.052500 2.815980
1.649750 2.831797
1.624500 2.855522
1.592250 2.878430
1.610250 2.901883
1.598500 2.924790
1.678750 2.947697
1.666750 2.970878
1.662250 2.994330
1.660000 3.016692
1.657250 3.039873
1.648000 3.063871
1.642750 3.087051
1.647000 3.110231
1.643500 3.132866
1.645000 3.156319
1.643000 3.179772
1.652000 3.202406
1.656250 3.225859
1.659250 3.248494
1.659750 3.272492
1.669000 3.294582
1.676000 3.318580
1.684500 3.341487
1.689000 3.364122
1.702500 3.388120
1.710250 3.410482
1.724000 3.433935
1.740750 3.456843
1.752000 3.479750
0.000000 3.631921
0.000000 3.655101
1.069750 3.556926
1.080250 3.578743
1.091000 3.602196
1.094750 3.626194
1.113250 3.648011
0.000000 3.794728
0.000000 3.817908
0.000000 3.841088
1.103250 3.741822
1.100500 3.764184
1.099750 3.789001
1.096250 3.811635
1.099250 3.834270
1.117000 3.856905
1.590250 3.875722
1.545750 3.899720
1.504250 3.923173
1.474500 3.946353
1.438250 3.970351
1.450750 3.993259
0.000000 4.142430
0.000000 4.165610
0.000000 4.188790
0.000000 4.211425
0.000000 4.234605
0.000000 4.257785
0.000000 4.280693
0.000000 4.304145
0.000000 4.327053
0.000000 4.350233
0.000000 4.373413
0.000000 4.396594
0.000000 4.419774
0.000000 4.442954
0.000000 4.466134
0.000000 4.489041
0.000000 4.512494
0.000000 4.535402
0.000000 4.558582
0.000000 4.581762
0.000000 4.604942
0.000000 4.627850
0.000000 4.651030
0.000000 4.674210
1.199000 4.573581
1.181000 4.597579
0.000000 4.743750
1.196750 4.643667
1.204250 4.666847
1.184000 4.689209
1.189750 4.713207
1.191000 4.736115
1.197000 4.759022
1.215000 4.782475
1.239750 4.804291
1.330250 4.826926
1.284250 4.849561
0.000000 4.998187
5.176000 4.885558
5.181250 4.909284
5.192000 4.932464
5.256000 4.955644
5.269750 4.978824
5.278250 5.001732
5.292000 5.025185
0.000000 5.183900
4.599750 5.071818
5.015000 5.094725
0.000000 5.253441
0.000000 5.276349
1.249000 5.175719
1.239750 5.198354
1.239750 5.221807
1.283250 5.244714
0.000000 5.392249
0.000000 5.415430
0.000000 5.438610
0.000000 5.458790
0.000000 5.481425
0.000000 5.504605
0.000000 5.527512
0.000000 5.550420
0.000000 5.573600
1.253750 5.472698
1.201500 5.495605
1.187750 5.519058
1.186750 5.541693
1.197500 5.564600
0.000000 5.711590
0.000000 5.734498
2.237250 5.626233
2.183250 5.649140
2.160500 5.672865
2.120000 5.695773
2.090500 5.718680
2.149750 5.742679
2.146000 5.765859
2.118750 5.788494
2.091750 5.811401
2.062750 5.835399
2.043500 5.858307
2.022500 5.880941
2.134750 5.903849
2.252000 5.926484
2.413500 5.949391
1.490500 5.977207
1.492500 5.999569
1.483750 6.023022
1.476500 6.046748
1.465000 6.069110
1.463750 6.091744
1.451000 6.115197
1.446750 6.138650
1.443500 6.163739
1.439250 6.186101
1.432000 6.210100
1.432500 6.232189
1.428000 6.256187

272
1.423500 6.279095
1.421750 0.019362
1.420750 0.041997
1.428500 0.064359
1.426750 0.088357
1.433000 0.110447
1.428500 0.134718
1.432750 0.157625
0.000000 0.306796
3.049000 0.196895
3.073750 0.220075
3.098000 0.243255
3.109000 0.265890
0.000000 0.420515
2.434500 0.312250
0.000000 0.466603
0.000000 0.489510
0.000000 0.512418
0.000000 0.535598
3.320000 0.424879
0.000000 0.581413
0.000000 0.604593
0.000000 0.627500
3.474250 0.516781
3.519750 0.539689
3.322250 0.562869
3.288500 0.585776
3.158500 0.609502
3.066500 0.632136
2.956000 0.655862
2.982000 0.678769
0.000000 0.834758
0.000000 0.859847
0.000000 0.883027
0.000000 0.906208
0.000000 0.929388
0.000000 0.952295
0.000000 0.975748
0.000000 0.998656
0.000000 1.021836
0.000000 1.044743
2.385250 0.937024
2.469250 0.959658
2.532000 0.982566
2.633750 1.005201
2.727000 1.027835
2.824500 1.051015
2.954500 1.073377
0.000000 1.229912
0.000000 1.253092
0.000000 1.277363
0.000000 1.300543
0.000000 1.323723
0.000000 1.346903
4.660000 1.234820
4.602750 1.258001
4.593750 1.281453
4.541250 1.304361
4.532500 1.327814
4.527750 1.351267
4.518250 1.374174
4.513500 1.397354
4.474000 1.420262
4.470250 1.443442
4.243500 1.467167
4.037750 1.490620
4.038750 1.513528
4.199750 1.536435
4.426000 1.559615
0.000000 1.717786
2.024500 1.610884
2.353500 1.632974
2.365250 1.655881
2.368500 1.678789
2.383500 1.701969
0.000000 1.856867
0.000000 1.880047
0.000000 1.903227
0.000000 1.926407
1.726500 1.821142
0.000000 1.972767
0.000000 1.995948
0.000000 2.018855
0.000000 2.042035
0.000000 2.065488
0.000000 2.088668
0.000000 2.111848
2.148750 2.003856
2.163750 2.027036
0.000000 2.181389
0.000000 2.204569
0.000000 2.227749
0.000000 2.250929
1.762750 2.144846
0.000000 2.297290
0.000000 2.320470
0.000000 2.343650
0.000000 2.366830
1.283750 2.265110
1.285750 2.287472
1.285500 2.311198
1.294250 2.334923
1.293500 2.357831
1.314500 2.379920
0.000000 2.530182
0.000000 2.553089
1.314750 2.450551
1.298500 2.475095
1.283250 2.498548
0.000000 2.646083
1.268500 2.544090
1.259000 2.567816
1.263500 2.590723
0.000000 2.739076
1.082000 2.639265
1.071000 2.664354
1.057250 2.687262
1.077000 2.710442
1.031250 2.734713
1.022250 2.757893
1.015500 2.779982
0.000000 2.924790
1.666500 2.818161
1.622750 2.840796
1.630250 2.863976
1.625250 2.887156
1.694750 2.909791
1.689250 2.933244
1.685000 2.956424
1.679000 2.979604
1.674750 3.002784
1.665750 3.025692
1.660500 3.049145
1.660250 3.072325
1.661250 3.094414
1.659750 3.117594
1.662250 3.141593
1.664500 3.163955
1.665250 3.187407
1.668250 3.210315
1.671250 3.234586
1.676000 3.257493
1.684250 3.280401
1.692000 3.303308
1.700500 3.326216
1.708000 3.349669
1.721500 3.372849
1.731000 3.396029
1.742500 3.418391
1.759000 3.441298
0.000000 3.593742
1.083750 3.494476
1.083750 3.518475
1.094750 3.539746
1.094750 3.564290
1.105750 3.587197
1.113500 3.608741
1.121000 3.631921
0.000000 3.779183
0.000000 3.802363
1.115000 3.702280
1.111250 3.725733
1.111500 3.749458
1.110500 3.771275
1.111000 3.795273
1.121000 3.818453
1.128500 3.841633
1.569250 3.859632
1.532000 3.883358
1.495500 3.907356
1.463000 3.930263
1.449750 3.953989
1.482750 3.976351
0.000000 4.126613
0.000000 4.149793
0.000000 4.172700
0.000000 4.195880
0.000000 4.218788
0.000000 4.241968
0.000000 4.265148
0.000000 4.288329
0.000000 4.311509
0.000000 4.334689
0.000000 4.357869
0.000000 4.380776
0.000000 4.403956
0.000000 4.427137
1.647250 4.322962
1.630750 4.346142
1.614500 4.368777
0.000000 4.519857
1.590750 4.415138
1.575750 4.438318
1.563250 4.462316
1.547500 4.485223
1.567250 4.508131
1.546750 4.530766
1.188000 4.558309
1.203000 4.581216
1.197750 4.604670
1.206500 4.627850
1.183250 4.651030
1.192500 4.674210
1.192750 4.696845
1.191250 4.719207
1.218250 4.742114
1.236750 4.765294
1.284250 4.788202
1.276500 4.812200
0.000000 4.959462
5.096750 4.847106
5.180000 4.869741
5.188000 4.892921
5.253250 4.916101
5.263000 4.939282
5.274000 4.962462
5.289250 4.985369
0.000000 5.144358
5.444250 5.031730
0.000000 5.190445
0.000000 5.213626
1.258750 5.111906
1.239500 5.135359
1.239250 5.159084
0.000000 5.306074
0.000000 5.329254
0.000000 5.352434
0.000000 5.375614
0.000000 5.398521
0.000000 5.421701
2.346500 5.313437
0.000000 5.467244
0.000000 5.490424
0.000000 5.513604
0.000000 5.536511
1.208750 5.435610
1.178250 5.459335
1.157500 5.482788
1.162000 5.504878
1.180500 5.528603
1.420500 5.549602
1.420500 5.571418
1.439750 5.594598
2.195500 5.613142
2.153750 5.636595
2.120750 5.660048
2.081250 5.683501
2.106000 5.706136
2.140250 5.728771
2.109500 5.753314
2.082250 5.775949
2.056000 5.799675
2.041250 5.822309
2.013500 5.845490
2.069750 5.868670
2.191750 5.891577
2.318500 5.913939
1.484000 5.942028
1.471000 5.964390
1.476500 5.988115
1.463750 6.010750
1.457000 6.033930
1.445000 6.058201
1.439000 6.080291
1.432750 6.103744
1.427250 6.126924
1.420250 6.150104
1.418750 6.175193
1.418500 6.198646
1.410000 6.221826
1.406000 6.245006
1.398750 6.268459

