273353892 25725 22655
273403953 25727 22657
273453993 25741 22673
273504029 25749 22685
273554061 25766 22703
273604097 25789 22726
273654138 25815 22751
273704177 25845 22781
273754204 25877 22813
273804239 25909 22845
273854282 25946 22881
273904321 25983 22917
273954355 26020 22954
274004396 26061 22993
274054439 26101 23034
274104469 26141 23075
274154545 26185 23118
274204593 26226 23160
274254620 26267 23203
274304668 26308 23247
274354712 26348 23291
274404803 26390 23335
274454841 26433 23379
274504878 26476 23425
274554915 26521 23471
274604972 26566 23518
274655013 26611 23565
274705050 26659 23612
274755084 26703 23658
274805112 26749 23703
274855143 26792 23749
274905191 26835 23792
274955235 26879 23837
275005280 26922 23881
275055344 26966 23924
275105381 27011 23969
275155424 27054 24015
275205454 27098 24060
275255497 27142 24104
275305546 27185 24147
275355584 27229 24191
275405632 27269 24234
275455659 27309 24277
275505686 27351 24319
275555719 27394 24362
275605749 27436 24405
275655776 27479 24449
275705824 27523 24493
275755864 27567 24537
275805902 27612 24579
275855938 27657 24623
275905972 27702 24666
275956010 27743 24711
276006058 27785 24755
276056102 27827 24799
276106155 27869 24843
276156209 27912 24886
276206357 27955 24929
276256387 27999 24974
276306418 28041 25020
276356470 28085 25065
276406507 28128 25105
276456543 28171 25148
276506593 28214 25191
276556622 28255 25231
276606662 28294 25256
276656710 28335 25257
276706744 28381 25251
276756781 28413 25237
276806785 28437 25221
276856828 28457 25207
276906865 28475 25193
276956904 28487 25179
277006967 28499 25165
277057003 28512 25151
277107032 28523 25135
277157058 28537 25119
277207096 28549 25101
277257142 28561 25083
277307184 28573 25065
277357233 28587 25062
277407275 28597 25071
277457329 28615 25089
277507384 28637 25109
277557432 28662 25133
277607485 28691 25162
277657525 28720 25193
277707552 28751 25225
277757600 28784 25259
277807642 28819 25293
277857685 28857 25331
277907712 28895 25367
277957749 28935 25407
278007785 28975 25449
278057814 29017 25492
278107842 29060 25533
278157876 29105 25575
278207911 29146 25617
278259719 29189 25661
278309761 29230 25703
278359807 29270 25743
278409849 29315 25785
278459964 29357 25827
278509991 29401 25869
278560026 29443 25913
278610072 29487 25959
278660104 29531 26003
278710136 29575 26049
278760183 29617 26092
278810221 29661 26138
278860263 29703 26183
278910306 29745 26227
278960343 29789 26272
279010384 29833 26317
279060415 29877 26363
279110444 29922 26411
279160474 29966 26457
279210535 30011 26503
279260570 30058 26548
279310600 30103 26594
279360628 30149 26640
279410663 30194 26685
279460746 30239 26731
279510787 30285 26778
279560818 30331 26825
279610848 30377 26872
279660897 30425 26921
279710941 30473 26969
279760988 30520 27015
279811036 30569 27063
279861069 30614 27109
279911118 30660 27156
279961165 30707 27205
280011197 30755 27252
280061255 30803 27301
280111291 30851 27352
280161347 30899 27405
280211386 30949 27455
280261426 30999 27503
280311454 31047 27551
280361502 31094 27600
280411533 31141 27645
280461629 31187 27691
280511672 31233 27737
280561697 31277 27783
280611737 31324 27831
280661763 31371 27880
280711815 31415 27926
280761845 31462 27972
280811874 31507 28017
280861916 31551 28063
280911962 31596 28109
280961992 31639 28155
281012041 31683 28199
281062088 31730 28246
281112131 31775 28291
281162163 31820 28339
281212193 31866 28387
281262250 31911 28433
281312289 31959 28478
281362325 32003 28524
281412384 32047 28570
281462403 32091 28617
281512439 32135 28661
281562467 32179 28707
281612512 32225 28753
281662544 32269 28801
281712579 32318 28851
281762609 32369 28901
281812655 32419 28950
281862699 32468 29000
281912746 32515 29047
281962794 32560 29094
282012821 32605 29142
282062856 32651 29189
282112896 32696 29235
282162928 32740 29267
282212967 32780 29269
282263002 32830 29269
282313049 32865 29257
282363087 32891 29243
282413113 32913 29228
282463189 32933 29213
282513220 32947 29198
282563264 32961 29185
282613300 32975 29171
282663349 32987 29157
282713385 33000 29145
282763431 33011 29132
282813464 33020 29119
282863506 33032 29118
282913552 33041 29131
282963597 33055 29147
283013630 33077 29169
283063679 33103 29195
283113676 33133 29226
283163712 33165 29260
283213770 33200 29295
283263815 33239 29333
283313859 33277 29373
283363885 33316 29410
283413924 33357 29450
283463956 33396 29491
283514081 33435 29531
283564112 33475 29572
283614144 33515 29613
283664184 33557 29653
283714233 33599 29694
283764283 33641 29736
283814327 33687 29779
283864367 33732 29822
283914404 33777 29863
283964452 33823 29905
284014481 33867 29950
284064528 33911 29994
284114580 33957 30040
284164624 34000 30085
284214673 34045 30129
284264716 34090 30175
284314745 34133 30223
284364773 34177 30271
284414803 34223 30316
284464846 34265 30359
284514890 34311 30403
284564928 34355 30446
284614976 34396 30489
284665010 34440 30533
284715043 34482 30575
284765099 34525 30617
284815141 34568 30659
284865167 34610 30702
284915214 34655 30746
284965250 34699 30789
285015308 34743 30831
285065340 34787 30872
285115390 34829 30915
285165425 34871 30958
285215452 34915 31001
285265482 34957 31043
285317341 35001 31087
285367411 35045 31131
285417447 35087 31175
285467485 35131 31219
285517639 35175 31262
285567670 35217 31302
285617710 35260 31345
285667746 35305 31389
285717782 35348 31433
285767816 35393 31479
285817853 35436 31524
285867887 35479 31567
285917926 35523 31611
285967953 35567 31653
286017987 35613 31700
286068015 35659 31734
286118054 35700 31737
286168097 35749 31733
286218125 35782 31721
286268184 35808 31705
286318223 35832 31688
286368269 35852 31669
286418300 35869 31651
286468333 35884 31637
286518375 35894 31624
286568426 35904 31611
286618455 35913 31601
286668500 35923 31589
286718528 35936 31579
286768570 35950 31577
286818608 35962 31593
286868654 35982 31611
286918702 36007 31636
286968746 36034 31664
287018791 36067 31697
287068828 36101 31729
287118865 36135 31764
287168912 36173 31799
287218976 36211 31835
287269006 36251 31873
287319036 36291 31912
287369077 36331 31950
287419135 36373 31991
287469170 36413 32031
287519217 36455 32071
287569259 36497 32115
287619308 36541 32157
287669347 36586 32201
287719375 36633 32245
287769417 36679 32288
287819448 36723 32331
287869496 36770 32375
287919541 36814 32419
287969585 36859 32463
288019626 36903 32508
288069667 36948 32551
288119701 36993 32597
288169749 37038 32643
288219787 37083 32688
288269830 37129 32733
288319874 37173 32776
288369920 37218 32819
288419964 37263 32865
288470008 37305 32909
288520063 37349 32954
288570093 37393 32997
288620127 37436 33041
288670178 37481 33087
288720218 37527 33134
288770247 37573 33179
288820288 37619 33224
288870334 37663 33267
288920369 37706 33311
288970426 37750 33355
289020459 37794 33399
289070500 37839 33443
289120536 37885 33488
289170598 37929 33533
289220636 37975 33579
289270684 38022 33627
289320728 38069 33673
289370768 38115 33716
289420805 38161 33761
289470844 38205 33803
289520920 38251 33845
289570961 38294 33889
289621002 38336 33933
289671047 38381 33977
289721094 38424 34021
289771127 38468 34065
289821156 38513 34111
289871194 38557 34154
289921226 38603 34197
289971253 38648 34241
290021297 38691 34285
290071325 38735 34329
290121369 38777 34373
290171419 38819 34415
290221464 38864 34459
290271492 38907 34503
290321535 38951 34547
290371569 38995 34591
290421682 39039 34634
290471709 39082 34675
290521758 39125 34719
290571799 39167 34761
290621838 39209 34803
290671888 39252 34847
290721937 39293 34889
290771980 39335 34932
290822007 39377 34975
290872036 39419 35019
290922076 39463 35064
290972122 39506 35107
291022136 39549 35148
291072182 39594 35191
291122231 39637 35235
291172275 39681 35279
291222316 39725 35324
291272362 39767 35367
291322404 39811 35412
291372435 39855 35457
291422475 39898 35501
291472515 39943 35546
291522551 39987 35589
291572584 40029 35624
291622626 40069 35628
291672664 40117 35627
291722698 40148 35612
291772725 40174 35597
291822755 40193 35581
291872791 40211 35564
291922849 40228 35547
291972879 40243 35528
292022919 40261 35511
292072957 40277 35493
292123027 40289 35477
292173059 40293 35473
292223096 40298 35473
292273123 40305 35477
292323240 40316 35495
292374964 40335 35513
292424995 40359 35534
292475021 40389 35562
292525053 40419 35592
292575086 40451 35624
292625177 40487 35659
292675220 40523 35695
292725262 40562 35732
292775308 40601 35771
292825356 40640 35811
292875384 40681 35852
292925431 40722 35893
292975462 40765 35935
293025500 40809 35979
293075541 40852 36023
293125579 40896 36065
293175629 40939 36106
293225663 40983 36145
293275695 41027 36184
293325738 41071 36223
293375792 41115 36263
293425836 41159 36305
293475870 41201 36345
293525902 41244 36386
293576025 41289 36431
293626067 41335 36474
293676096 41379 36516
293726135 41425 36559
293776164 41469 36601
293826214 41513 36643
293876251 41557 36687
293926284 41598 36729
293976312 41641 36771
294026358 41683 36815
294076394 41727 36857
294126432 41771 36901
294176486 41817 36947
294226523 41860 36991
294276564 41905 37036
294326599 41949 37079
294376631 41992 37121
294426678 42035 37165
294476719 42077 37208
294526752 42120 37251
294576824 42164 37295
294626862 42207 37338
294676889 42252 37383
294726926 42298 37431
294776966 42343 37477
294826998 42389 37521
294877044 42435 37565
294927072 42480 37611
294977122 42525 37657
295027168 42569 37701
295077223 42613 37746
295127264 42657 37791
295177291 42701 37836
295227326 42747 37881
295277365 42793 37928
295327409 42839 37972
295377456 42884 38017
295427492 42927 38059
295477532 42971 38100
295527568 43009 38105
295577677 43055 38105
295627724 43089 38095
295677767 43117 38081
295727808 43139 38066
295777838 43161 38051
295827867 43179 38035
295877912 43195 38019
295927957 43212 38003
295978002 43227 37986
296028032 43241 37970
296078080 43257 37955
296128117 43270 37967
296178143 43285 37981
296228174 43315 37997
296278222 43341 38017
296328264 43370 38043
296378304 43401 38073
296428345 43433 38105
296478381 43465 38141
296528435 43501 38177
296578528 43534 38213
296628564 43571 38252
296678606 43607 38291
296728638 43645 38332
296778671 43685 38375
296828699 43727 38419
296878741 43768 38461
296928774 43809 38505
296978812 43850 38547
297028849 43891 38589
297078878 43933 38633
297128920 43973 38674
297178951 44013 38717
297228979 44051 38759
297279025 44091 38801
297329069 44133 38846
297379095 44175 38890
297429124 44217 38933
297479153 44260 38977
297529181 44301 39019
297579208 44343 39062
297629257 44387 39106
297679307 44427 39149
297729351 44468 39193
297779393 44510 39237
297829432 44551 39281
297879477 44595 39326
297929527 44639 39372
297979557 44683 39417
298029589 44727 39460
298079633 44772 39504
298129664 44817 39547
298179712 44863 39593
298229745 44907 39637
298279786 44953 39681
298329820 44997 39726
298379864 45041 39771
298429912 45087 39817
298479960 45133 39862
298530050 45179 39906
298580088 45225 39952
298630131 45269 39997
298680160 45313 40040
298730198 45358 40085
298780239 45401 40129
298830272 45444 40174
298880299 45487 40219
298930327 45529 40263
298980361 45572 40308
299030403 45617 40353
299080443 45661 40395
299130480 45705 40438
299180515 45750 40481
299230560 45792 40523
299280627 45836 40567
299330691 45879 40610
299380743 45921 40653
299432586 45965 40697
299482623 46007 40741
299532670 46051 40785
299582697 46097 40829
299632740 46140 40871
299682780 46183 40913
299732819 46226 40956
299782851 46269 40997
299832891 46313 41040
299882928 46355 41083
299932970 46396 41126
299983015 46437 41169
300033056 46479 41213
300083096 46523 41257
300133137 46567 41301
300183175 46611 41345
300233208 46655 41389
300283237 46699 41433
300333280 46742 41475
300383318 46787 41520
300433352 46831 41565
300483399 46874 41609
300533425 46917 41652
300583473 46961 41697
300633513 47006 41743
300683644 47053 41789
300733671 47097 41832
300783713 47141 41875
300833743 47184 41918
300883788 47227 41959
300933827 47266 41970
300983853 47309 41969
301033902 47353 41963
301083936 47383 41949
301133981 47406 41933
301184028 47427 41919
301234062 47445 41905
301284110 47462 41891
301334138 47477 41876
301384181 47492 41862
301434213 47506 41847
301484248 47522 41829
301534289 47537 41839
301584319 47550 41851
301634370 47569 41871
301684445 47592 41895
301734476 47617 41922
301784518 47648 41953
301834547 47681 41985
301884593 47715 42019
301934625 47751 42057
301984654 47787 42095
302034698 47825 42135
302084728 47863 42176
302134754 47901 42217
302184795 47941 42257
302234843 47983 42299
302284879 48025 42341
302334926 48068 42386
302384927 48111 42429
302434967 48153 42471
302485009 48197 42516
302535070 48241 42560
302585116 48283 42605
302635258 48327 42651
302685297 48371 42697
302735355 48419 42745
302785401 48465 42789
302835440 48512 42834
302885472 48558 42879
302935517 48603 42923
302985545 48647 42967
303035574 48693 43012
303085623 48738 43056
303135679 48782 43102
303185723 48827 43149
303235767 48873 43195
303285804 48921 43241
303335853 48967 43285
303385887 49013 43331
303435923 49060 43376
303485952 49105 43419
303535985 49150 43463
303586011 49195 43508
303636096 49238 43553
303686145 49281 43599
303736177 49325 43645
303786208 49367 43689
303836256 49412 43733
303886306 49457 43777
303936354 49501 43821
303986393 49545 43864
304036438 49589 43909
304086483 49635 43953
304136530 49679 43999
304186579 49723 44045
304236622 49766 44093
304286665 49811 44139
304336713 49857 44183
304386758 49901 44226
304436803 49948 44271
304486852 49993 44315
304536885 50039 44359
304586931 50086 44405
304636958 50131 44451
304687003 50175 44497
304737033 50215 44515
304787083 50257 44513
304837116 50305 44508
304887147 50335 44495
304937202 50359 44481
304987229 50381 44468
305037265 50400 44453
305087301 50418 44439
305137347 50434 44425
305187392 50448 44413
305237422 50462 44399
305287474 50476 44384
305337507 50489 44395
305387544 50505 44409
305437578 50525 44429
305487606 50551 44454
305537635 50581 44485
305587687 50611 44516
305637784 50646 44552
305687816 50681 44589
305737866 50718 44627
305787896 50756 44665
305837936 50795 44705
305887964 50835 44745
305937995 50875 44785
305988025 50916 44827
306038072 50956 44869
306088124 50998 44913
306138159 51039 44957
306188178 51081 45001
306238226 51123 45049
306288266 51163 45096
306338295 51205 45143
306388343 51246 45188
306438370 51286 45233
306490209 51329 45279
306540245 51371 45324
306590285 51411 45369
306640331 51452 45412
306690371 51491 45457
306740402 51533 45503
306790428 51575 45549
306840474 51618 45592
306890516 51660 45635
306940575 51702 45678
306990605 51743 45719
307040637 51785 45761
307090678 51828 45803
307140725 51869 45845
307190769 51911 45889
307240817 51953 45931
307290866 51996 45975
307340917 52041 46021
307390955 52084 46067
307440995 52127 46111
307491043 52171 46155
307541069 52215 46199
307591103 52259 46243
307641135 52304 46289
307691243 52349 46334
307741293 52394 46378
307791321 52439 46418
307841351 52486 46457
307891388 52533 46495
307941433 52581 46532
307991466 52628 46569
308041501 52671 46606
308091538 52712 46646
308141575 52753 46688
308191615 52796 46731
308241646 52838 46773
308291683 52880 46816
308341735 52923 46859
308391766 52965 46902
308441793 53009 46947
308491846 53051 46992
308541873 53094 47037
308591923 53137 47079
308641952 53179 47122
308692099 53223 47165
308742132 53265 47207
308792189 53308 47251
308842225 53351 47294
308892263 53395 47337
308942289 53437 47379
308992337 53481 47425
309042382 53524 47471
309092430 53567 47517
309142467 53611 47561
309192517 53655 47604
309242555 53697 47649
309292602 53742 47693
309342690 53789 47737
309392720 53833 47781
309442751 53881 47827
309492895 53927 47873
309542927 53973 47919
309592968 54019 47965
309643001 54064 48009
309693034 54109 48053
309743063 54155 48097
309793089 54199 48139
309843125 54246 48184
309893168 54291 48229
309943205 54336 48272
309993233 54383 48316
310043280 54429 48360
310093327 54474 48405
310143376 54517 48427
310193404 54560 48427
310243441 54603 48418
310293498 54635 48403
310343537 54659 48386
310393585 54682 48371
310443701 54701 48356
310493729 54718 48343
310543768 54734 48329
310593806 54749 48315
310643853 54761 48301
310693902 54773 48289
310743938 54785 48295
310793973 54799 48307
310844016 54817 48326
310894058 54841 48350
310944091 54868 48379
310994130 54898 48412
311044174 54931 48446
311094213 54966 48481
311144245 55000 48517
311194309 55036 48555
311244351 55074 48594
311294382 55112 48633
311344417 55152 48675
311394464 55193 48716
311444554 55233 48757
311494588 55275 48801
311544616 55315 48847
311594666 55355 48891
311644691 55398 48935
311694727 55439 48977
311744772 55479 49019
311794815 55519 49056
311844862 55564 49097
311894891 55607 49137
311944938 55650 49179
311994983 55691 49219
312045018 55735 49262
312095061 55776 49305
312145124 55818 49347
312195160 55862 49392
312245208 55904 49435
312295236 55945 49477
312345266 55987 49519
312395315 56026 49559
312445374 56067 49599
312495423 56109 49641
312545472 56151 49683
312595520 56191 49725
312645553 56231 49767
312695601 56273 49811
312745649 56316 49856
312795686 56359 49899
312845724 56399 49939
312895761 56445 49983
312945789 56486 50023
312995818 56528 50065
313045852 56571 50107
313095925 56611 50147
313145956 56653 50189
313195986 56694 50228
313246026 56734 50267
313296067 56775 50309
313346139 56817 50352
313396174 56859 50393
313446215 56903 50435
313496265 56945 50476
313547832 56988 50517
313597869 57031 50559
313647904 57072 50600
313697954 57116 50642
313748103 57159 50685
313798151 57199 50725
313848199 57242 50768
313898230 57285 50811
313948258 57323 50834
313998295 57363 50831
314048321 57412 50829
314098371 57439 50813
314148402 57465 50797
314198446 57486 50779
314248488 57505 50761
314298526 57522 50746
314348558 57537 50732
314398597 57553 50717
314448657 57569 50703
314498702 57582 50689
314548731 57597 50691
314598771 57607 50703
314648799 57625 50720
314698845 57649 50745
314748903 57678 50773
314798933 57712 50805
314848963 57749 50841
314898997 57787 50875
314949041 57826 50913
314999077 57866 50951
315049105 57906 50991
315099137 57948 51030
315149166 57991 51072
315199207 58034 51113
315249237 58079 51157
315299271 58123 51202
315349318 58166 51247
315399349 58212 51293
315449386 58257 51339
315499414 58303 51385
315549464 58349 51433
315599491 58393 51479
315649518 58439 51525
315699553 58485 51573
315749697 58526 51615
315799739 58575 51665
315849775 58619 51711
315899804 58664 51757
315949834 58710 51803
315999882 58757 51846
316049919 58801 51889
316099946 58845 51933
316149988 58889 51977
316200019 58933 52020
316250053 58978 52065
316300092 59022 52109
316350134 59067 52155
316400160 59110 52202
316450189 59155 52249
316500254 59201 52294
316550289 59247 52339
316600329 59293 52385
316650377 59337 52430
316700420 59381 52473
316750478 59426 52517
316800528 59471 52560
316850558 59517 52603
316900593 59562 52647
316950631 59607 52691
317000677 59651 52736
317050720 59697 52783
317100761 59739 52826
317150789 59783 52868
317200829 59826 52910
317250869 59869 52953
317300911 59912 52995
317350960 59957 53037
317400992 60001 53078
317451036 60045 53120
317501088 60091 53163
317551118 60137 53205
317601148 60183 53247
317651193 60229 53288
317701228 60273 53329
317751296 60316 53369
317801334 60359 53409
317851373 60401 53449
317901400 60447 53491
317951448 60490 53531
318001475 60533 53573
318051516 60577 53616
318101567 60621 53659
318151602 60665 53702
318201628 60709 53745
318251687 60749 53786
318301735 60791 53827
318351773 60833 53869
318401815 60875 53911
318451844 60919 53953
318501897 60961 53995
318551950 61005 54037
318601992 61048 54081
318652035 61091 54125
318702076 61135 54170
318752199 61180 54213
318802230 61223 54255
318852259 61265 54297
318902304 61309 54338
318952342 61351 54380
319002402 61395 54422
319052446 61438 54464
319102487 61481 54507
319152525 61525 54549
319202551 61567 54591
319252578 61611 54635
319302609 61655 54677
319352645 61695 54706
319402715 61735 54709
319452761 61783 54706
319502801 61812 54691
319552835 61838 54675
319602837 61859 54657
319652866 61878 54640
319702903 61895 54623
319752946 61908 54607
319802980 61921 54589
319853027 61933 54575
319903061 61942 54561
319953105 61955 54559
320003118 61966 54570
320053166 61981 54585
320103206 62003 54606
320153233 62030 54630
320203281 62058 54655
320253331 62089 54685
320303371 62119 54715
320353408 62150 54747
320403440 62184 54779
320453489 62217 54811
320503538 62254 54845
320553581 62291 54881
320605454 62329 54917
320655503 62369 54955
320705535 62409 54993
320755581 62447 55032
320805629 62489 55073
320855659 62530 55116
320905736 62571 55157
320955786 62614 55199
321005827 62655 55241
321055874 62695 55282
321105916 62738 55325
321155946 62781 55368
321205986 62825 55411
321256028 62869 55455
321306058 62911 55499
321356095 62955 55543
321406121 63000 55589
321456157 63044 55633
321506186 63089 55678
321556218 63131 55723
321606272 63174 55766
321656312 63219 55811
321706352 63263 55853
321756518 63310 55900
321806544 63355 55945
321856571 63399 55991
321906600 63445 56037
321956640 63491 56084
322006677 63537 56129
322056711 63582 56175
322106741 63625 56219
322156778 63669 56263
322206820 63713 56308
322256856 63756 56351
322306886 63801 56395
322356929 63845 56438
322406957 63887 56481
322456989 63931 56526
322507023 63976 56571
322557087 64020 56614
322607125 64065 56657
322657159 64107 56701
322707195 64149 56743
322757240 64193 56785
322807273 64235 56828
322857321 64278 56871
322907365 64321 56913
322957396 64363 56955
323007426 64406 56999
323057464 64451 57043
323107501 64493 57086
323157532 64535 57117
323207562 64573 57120
323257594 64619 57115
323307640 64649 57101
323357678 64674 57085
323407710 64695 57069
323457743 64716 57052
323507782 64735 57034
323557825 64751 57019
323607882 64768 57005
323657921 64781 56990
323707969 64796 56975
323758005 64811 56973
323808037 64822 56989
323858086 64841 57007
323908135 64867 57031
323958171 64896 57058
324008212 64929 57091
324058247 64965 57125
324108294 65001 57161
324158343 65042 57198
324208372 65081 57236
324258410 65122 57276
324308442 65164 57317
324358476 65205 57357
324408529 65249 57399
324458562 65291 57442
324508597 65333 57485
324558626 65377 57529
324608674 65420 57571
324658726 65462 57613
324708772 65504 57655
324758812 65544 57696
324808855 65585 57737
324858900 65627 57779
324908928 65667 57820
324958969 65709 57863
325009014 65749 57907
325059057 65789 57951
325109102 65830 57994
325159131 65871 58037
325209171 65911 58078
325259203 65952 58120
325309251 65991 58161
325359290 66027 58202
325409319 66068 58243
325459356 66107 58285
325509404 66147 58325
325559452 66188 58367
325609507 66227 58409
325659534 66268 58451
325709580 66309 58493
325759620 66351 58534
325809649 66391 58575
325859686 66431 58617
325909733 66471 58659
325959794 66511 58701
326009837 66551 58743
326059876 66593 58784
326109904 66635 58827
326159943 66677 58872
326209972 66719 58917
326260018 66763 58961
326310058 66807 59005
326360093 66851 59049
326410123 66893 59094
326460162 66935 59137
326510197 66979 59181
326560245 67022 59225
326610297 67065 59270
326660331 67110 59316
326710381 67155 59362
326760407 67201 59411
326810492 67249 59458
326860524 67296 59504
326910562 67343 59551
326960611 67389 59597
327010637 67434 59643
327060686 67481 59691
327110720 67528 59738
327160753 67575 59785
327210783 67623 59835
327260834 67671 59883
327310872 67720 59931
327360910 67771 59980
327410943 67819 60029
327461002 67867 60077
327511029 67914 60125
327561073 67960 60172
327611103 68007 60220
327663077 68057 60269
327713121 68103 60317
327763167 68151 60366
327813196 68198 60413
327863235 68245 60459
327913376 68291 60504
327963420 68336 60547
328013452 68380 60591
328063495 68423 60636
328113529 68467 60679
328163559 68512 60725
328213593 68557 60769
328263620 68601 60815
328313659 68647 60863
328363707 68694 60907
328413738 68739 60951
328463768 68786 60996
328513816 68829 61041
328563848 68872 61077
328613898 68913 61081
328663944 68963 61080
328713988 68995 61067
328764017 69021 61053
328814065 69043 61039
328864118 69061 61029
328914164 69077 61017
328964191 69090 61003
