0.000417 0.000000 0.000000
0.003542 0.000008 0.005208
0.005625 0.000030 0.015625
0.009270 0.000092 0.018229
0.014061 0.000179 0.018229
0.019373 0.000269 0.015625
0.025622 0.000366 0.015625
0.032288 0.000471 0.015625
0.038954 0.000575 0.015625
0.046557 0.000684 0.013021
0.054161 0.000773 0.010417
0.061869 0.000853 0.010417
0.070202 0.000918 0.005208
0.078639 0.000973 0.007812
0.087076 0.001050 0.010417
0.096138 0.001133 0.007812
0.104784 0.001211 0.010417
0.113533 0.001325 0.015625
0.122386 0.001498 0.023437
0.131132 0.001749 0.033854
0.140084 0.002075 0.039062
0.149139 0.002441 0.041667
0.158401 0.002863 0.049479
0.167868 0.003345 0.052083
0.177437 0.003868 0.057292
0.187003 0.004442 0.062500
0.196880 0.005047 0.059896
0.206237 0.005633 0.065104
0.215697 0.006237 0.062500
0.224947 0.006852 0.070312
0.233883 0.007482 0.070312
0.243130 0.008145 0.072917
0.252168 0.008817 0.075521
0.261205 0.009489 0.072917
0.270556 0.010172 0.072917
0.279799 0.010884 0.080729
0.289039 0.011643 0.083333
0.298174 0.012406 0.083333
0.307101 0.013152 0.083333
0.316236 0.013915 0.083333
0.324849 0.014668 0.091146
0.333455 0.015489 0.098958
0.342163 0.016353 0.098958
0.351077 0.017238 0.098958
0.359887 0.018125 0.101562
0.368901 0.019055 0.104167
0.378018 0.020008 0.104167
0.387135 0.020961 0.104167
0.396152 0.021869 0.096354
0.405381 0.022748 0.093750
0.414510 0.023583 0.088542
0.423429 0.024421 0.098958
0.432341 0.025330 0.104167
0.441248 0.026284 0.109375
0.450151 0.027285 0.114583
0.459050 0.028310 0.114583
0.467950 0.029334 0.114583
0.477159 0.030406 0.117187
0.486257 0.031525 0.127604
0.495451 0.032717 0.130208
0.504028 0.033806 0.122396
0.512919 0.034900 0.122396
0.521810 0.035993 0.122396
0.530186 0.037013 0.119792
0.536818 0.037688 0.083333
0.541191 0.037825 -0.020833
0.545341 0.037457 -0.156250
0.547173 0.037055 -0.276042
0.547962 0.036786 -0.380208
0.548531 0.036529 -0.468750
0.548895 0.036325 -0.552083
0.548721 0.036440 -0.619792
0.548556 0.036567 -0.687500
0.548478 0.036636 -0.757812
0.548112 0.037007 -0.828125
0.547977 0.037166 -0.906250
0.547611 0.037672 -0.984375
0.547286 0.038206 -1.062500
0.547004 0.038764 -1.140625
0.547458 0.037712 -1.184896
0.548201 0.035877 -1.187500
0.549603 0.032399 -1.187500
0.551229 0.028338 -1.192708
0.553107 0.023591 -1.195312
0.555322 0.017971 -1.195312
0.557630 0.012162 -1.190104
0.560076 0.006073 -1.187500
0.562694 -0.000397 -1.184896
0.565391 -0.007059 -1.187500
0.568352 -0.014401 -1.187500
0.571216 -0.021558 -1.192708
0.574292 -0.029303 -1.192708
0.577466 -0.037233 -1.187500
0.580788 -0.045440 -1.184896
0.584060 -0.053555 -1.190104
0.587394 -0.061982 -1.197917
0.590555 -0.070030 -1.195313
0.593889 -0.078456 -1.192708
0.597091 -0.086487 -1.190104
0.600187 -0.094224 -1.190104
0.603522 -0.102651 -1.197917
0.606709 -0.110800 -1.197917
0.609951 -0.119151 -1.203125
0.613193 -0.127502 -1.197917
0.616631 -0.136224 -1.192708
0.620015 -0.144743 -1.192708
0.623498 -0.153447 -1.187500
0.626820 -0.161654 -1.184896
0.630371 -0.170331 -1.179688
0.633859 -0.178695 -1.171875
0.637360 -0.186941 -1.166667
0.641017 -0.195460 -1.164063
0.644695 -0.203970 -1.161458
0.648449 -0.212561 -1.156250
0.652385 -0.221413 -1.148438
0.656251 -0.229954 -1.143229
0.660192 -0.238574 -1.140625
0.664166 -0.247295 -1.145833
0.668086 -0.255926 -1.143229
0.672059 -0.264647 -1.143229
0.675947 -0.273178 -1.143229
0.679889 -0.281798 -1.140625
0.683940 -0.290598 -1.138021
0.688014 -0.299387 -1.135417
0.692111 -0.308165 -1.132813
0.696409 -0.317310 -1.130209
0.700673 -0.326355 -1.130209
0.704794 -0.335123 -1.132813
0.709067 -0.344279 -1.135417
0.713076 -0.352869 -1.132813
0.717196 -0.361636 -1.130209
0.721484 -0.370670 -1.125000
0.725740 -0.379604 -1.127604
0.730084 -0.388727 -1.125000
0.734567 -0.398014 -1.117188
0.739239 -0.407441 -1.104167
0.743925 -0.416744 -1.104167
0.748494 -0.425873 -1.109375
0.752946 -0.434827 -1.109375
0.757422 -0.443769 -1.104167
0.761711 -0.452339 -1.109375
0.765977 -0.460920 -1.109375
0.770244 -0.469501 -1.109375
0.774440 -0.477885 -1.104167
0.778903 -0.486717 -1.101563
0.783449 -0.495625 -1.096354
0.787753 -0.503953 -1.091146
0.792212 -0.512553 -1.093750
0.796517 -0.520881 -1.093750
0.800843 -0.529198 -1.088542
0.805250 -0.537591 -1.085938
0.809603 -0.545776 -1.078125
0.813939 -0.553853 -1.078125
0.818570 -0.562480 -1.078125
0.823005 -0.570740 -1.078125
0.827620 -0.579257 -1.070313
0.832341 -0.587836 -1.065104
0.836943 -0.596123 -1.062500
0.841625 -0.604604 -1.070313
0.846145 -0.612817 -1.065104
0.850708 -0.621007 -1.059896
0.855375 -0.629257 -1.052083
0.859919 -0.637218 -1.052083
0.864588 -0.645348 -1.046875
0.869383 -0.653646 -1.046875
0.874220 -0.661918 -1.036458
0.879484 -0.670787 -1.033854
0.884853 -0.679834 -1.036458
0.890094 -0.688716 -1.039063
0.895334 -0.697598 -1.036458
0.900321 -0.706024 -1.036458
0.905223 -0.714259 -1.031250
0.910232 -0.722551 -1.023438
0.915285 -0.730816 -1.020833
0.920249 -0.738891 -1.018229
0.924299 -0.745694 -1.049479
0.926287 -0.749591 -1.148438
0.928109 -0.754470 -1.278646
0.928657 -0.756803 -1.401042
0.928804 -0.758044 -1.505209
0.928817 -0.758773 -1.601563
0.928777 -0.759292 -1.692709
0.928793 -0.759190 -1.768229
0.928769 -0.759291 -1.838542
0.928769 -0.759291 -1.911459
0.928846 -0.759097 -1.979167
0.928801 -0.759191 -2.044271
0.928902 -0.759009 -2.106771
0.929125 -0.758657 -2.164063
0.928468 -0.759596 -2.197917
0.927133 -0.761459 -2.187500
0.925333 -0.764013 -2.182292
0.922701 -0.767765 -2.182292
0.919592 -0.772201 -2.182292
0.915950 -0.777408 -2.179688
0.912033 -0.783058 -2.174480
0.907894 -0.789061 -2.174480
0.903332 -0.795658 -2.177084
0.898719 -0.802347 -2.171876
0.894225 -0.808864 -2.177084
0.889408 -0.815791 -2.179688
0.884660 -0.822640 -2.174480
0.879997 -0.829420 -2.171876
0.875235 -0.836385 -2.169271
0.870490 -0.843362 -2.166667
0.865678 -0.850419 -2.171875
0.860779 -0.857543 -2.174480
0.855812 -0.864747 -2.174480
0.850519 -0.872359 -2.182292
0.845237 -0.879850 -2.187500
0.840018 -0.887131 -2.197917
0.834600 -0.894526 -2.208334
0.829092 -0.901983 -2.205730
0.823655 -0.909363 -2.205730
0.817971 -0.917078 -2.205730
0.812553 -0.924473 -2.200521
0.807084 -0.931958 -2.203126
0.801491 -0.939612 -2.200521
0.795959 -0.947309 -2.187501
0.790457 -0.955156 -2.177084
0.785045 -0.962938 -2.179688
0.779991 -0.970208 -2.177084
0.774628 -0.977898 -2.182292
0.769416 -0.985312 -2.184896
0.764393 -0.992476 -2.179688
0.759150 -0.999995 -2.179688
0.754145 -1.007173 -2.179688
0.749072 -1.014429 -2.182292
0.743979 -1.021672 -2.184897
0.738886 -1.028915 -2.182292
0.733554 -1.036499 -2.184897
0.728323 -1.043899 -2.187501
0.723122 -1.051193 -2.192709
0.717936 -1.058370 -2.200522
0.712731 -1.065532 -2.197917
0.707545 -1.072708 -2.195313
0.702236 -1.080053 -2.197917
0.697101 -1.087138 -2.197917
0.691722 -1.094561 -2.197917
0.686343 -1.101983 -2.197917
0.681105 -1.109251 -2.192709
0.675765 -1.116701 -2.192709
0.670475 -1.124060 -2.195313
0.665463 -1.130976 -2.200522
0.660187 -1.138216 -2.200522
0.654718 -1.145702 -2.203126
0.649371 -1.153019 -2.200522
0.643799 -1.160687 -2.197917
0.638439 -1.168124 -2.192709
0.633220 -1.175405 -2.192709
0.627879 -1.182855 -2.192709
0.622641 -1.190122 -2.197917
0.616967 -1.197974 -2.195313
0.611989 -1.204657 -2.226563
0.609018 -1.208147 -2.325521
0.605579 -1.211332 -2.463542
0.603798 -1.212602 -2.580730
0.602887 -1.213108 -2.690105
0.602215 -1.213390 -2.796875
0.602115 -1.213420 -2.898438
0.602217 -1.213400 -2.989584
0.602114 -1.213412 -3.065104
0.602426 -1.213397 -3.125000
0.602738 -1.213401 -3.184896
0.602842 -1.213408 -3.234375
0.603049 -1.213434 -3.291667
0.602742 -1.213378 -3.351563
0.601525 -1.213092 -3.393229
0.598696 -1.212380 -3.382813
0.594855 -1.211425 -3.388021
0.589804 -1.210154 -3.388021
0.584246 -1.208764 -3.385417
0.577574 -1.207104 -3.385417
0.570907 -1.205427 -3.390625
0.563939 -1.203665 -3.388021
0.556572 -1.201781 -3.395833
0.549116 -1.199823 -3.401042
0.541269 -1.197718 -3.406250
0.533329 -1.195555 -3.408854
0.525498 -1.193389 -3.414062
0.517174 -1.191051 -3.416667
0.509154 -1.188788 -3.416667
0.500940 -1.186446 -3.421875
0.492324 -1.183991 -3.416667
0.483709 -1.181535 -3.421875
0.474804 -1.178959 -3.424479
0.465712 -1.176277 -3.432292
0.456840 -1.173585 -3.440104
0.448182 -1.170909 -3.442708
0.439140 -1.168062 -3.450521
0.430408 -1.165275 -3.450521
0.421579 -1.162445 -3.453125
0.412751 -1.159615 -3.450521
0.404026 -1.156805 -3.455729
0.395007 -1.153888 -3.453125
0.385980 -1.150994 -3.450521
0.377049 -1.148144 -3.450521
0.368022 -1.145250 -3.453125
0.359399 -1.142461 -3.455729
0.350689 -1.139606 -3.460937
0.341685 -1.136642 -3.458333
0.333165 -1.133873 -3.453125
0.324337 -1.131043 -3.450521
0.315707 -1.128277 -3.453125
0.307077 -1.125510 -3.450521
0.298043 -1.122640 -3.447916
0.288802 -1.119731 -3.445312
0.279761 -1.116884 -3.447916
0.270727 -1.114014 -3.450521
0.262097 -1.111247 -3.453125
0.253467 -1.108480 -3.450521
0.244734 -1.105693 -3.450521
0.236001 -1.102906 -3.450521
0.227173 -1.100076 -3.453125
0.218154 -1.097159 -3.455729
0.209333 -1.094306 -3.453125
0.200211 -1.091368 -3.453125
0.190788 -1.088347 -3.450521
0.181563 -1.085390 -3.453125
0.172749 -1.082514 -3.460937
0.163753 -1.079526 -3.463542
0.155263 -1.076670 -3.468750
0.146598 -1.073679 -3.479167
0.138043 -1.070688 -3.476562
0.129575 -1.067765 -3.471354
0.120807 -1.064752 -3.473958
0.112237 -1.061806 -3.471354
0.103564 -1.058838 -3.471354
0.094592 -1.055780 -3.468750
0.086014 -1.052857 -3.471354
0.077254 -1.049820 -3.479167
0.068510 -1.046739 -3.481771
0.059963 -1.043726 -3.479167
0.051314 -1.040690 -3.479167
0.042854 -1.037745 -3.473958
0.034582 -1.034890 -3.473958
0.025823 -1.031854 -3.476562
0.017260 -1.028886 -3.473958
0.008595 -1.025895 -3.473958
-0.000070 -1.022904 -3.473958
-0.008632 -1.019936 -3.476562
-0.016889 -1.017038 -3.481771
-0.025436 -1.014025 -3.479167
-0.033692 -1.011127 -3.479167
-0.041948 -1.008229 -3.479167
-0.050503 -1.005239 -3.476562
-0.058672 -1.002407 -3.473958
-0.067045 -0.999529 -3.471354
-0.075426 -0.996673 -3.468750
-0.083917 -0.993816 -3.463541
-0.092715 -0.990894 -3.460937
-0.101221 -0.988082 -3.460937
-0.109521 -0.985313 -3.466145
-0.118201 -0.982368 -3.471354
-0.126779 -0.979444 -3.468749
-0.135460 -0.976498 -3.468749
-0.144243 -0.973531 -3.466145
-0.152638 -0.970718 -3.463541
-0.161437 -0.967796 -3.460937
-0.170243 -0.964897 -3.458332
-0.178858 -0.962086 -3.455728
-0.187774 -0.959189 -3.455728
-0.196390 -0.956377 -3.458332
-0.203988 -0.953810 -3.476562
-0.208242 -0.952102 -3.570312
-0.212556 -0.949787 -3.697916
-0.213916 -0.948824 -3.817708
-0.214770 -0.948060 -3.924478
-0.214981 -0.947830 -4.015624
-0.215044 -0.947747 -4.106770
-0.215044 -0.947747 -4.195312
-0.214855 -0.948118 -4.283853
-0.214893 -0.948021 -4.374999
-0.214833 -0.948221 -4.463541
-0.214745 -0.948628 -4.536457
-0.214745 -0.948628 -4.557291
-0.214823 -0.948113 -4.570312
-0.214980 -0.946978 -4.578124
-0.215412 -0.943988 -4.559895
-0.215993 -0.940178 -4.562499
-0.216674 -0.935540 -4.570312
-0.217514 -0.929557 -4.575520
-0.218367 -0.923366 -4.575520
-0.219277 -0.916761 -4.575520
-0.220276 -0.909433 -4.578124
-0.221280 -0.902001 -4.578124
-0.222320 -0.894153 -4.583333
-0.223365 -0.886095 -4.583333
-0.224435 -0.877936 -4.580729
-0.225556 -0.869468 -4.580729
-0.226678 -0.861000 -4.580729
-0.227829 -0.852221 -4.583333
-0.229008 -0.843131 -4.583333
-0.230186 -0.834145 -4.580729
-0.231339 -0.825261 -4.585937
-0.232420 -0.816579 -4.591146
-0.233410 -0.807990 -4.604167
-0.234288 -0.799388 -4.617188
-0.235054 -0.790777 -4.630208
-0.235726 -0.782052 -4.640625
-0.236346 -0.773116 -4.645833
-0.236891 -0.764591 -4.651042
-0.237405 -0.755856 -4.656250
-0.237931 -0.746496 -4.656250
-0.238415 -0.737238 -4.664063
-0.238825 -0.728289 -4.669271
-0.239188 -0.719025 -4.677084
-0.239481 -0.710072 -4.682292
-0.239727 -0.701117 -4.687501
-0.239955 -0.691953 -4.687501
-0.240182 -0.683310 -4.684897
-0.240414 -0.674459 -4.687501
-0.240660 -0.665504 -4.682292
-0.240906 -0.656549 -4.687501
-0.241134 -0.647385 -4.687501
-0.241373 -0.637805 -4.687501
-0.241610 -0.628745 -4.684897
-0.241868 -0.619374 -4.684897
-0.242105 -0.610315 -4.687501
-0.242314 -0.601463 -4.690105
-0.242528 -0.592403 -4.687501
-0.242759 -0.583552 -4.684897
-0.243006 -0.574597 -4.684897
-0.243258 -0.565434 -4.684897
-0.243504 -0.556479 -4.684897
-0.243762 -0.547107 -4.684897
-0.244056 -0.537320 -4.679688
-0.244379 -0.527846 -4.677084
-0.244685 -0.518476 -4.682293
-0.244943 -0.509105 -4.687501
-0.245191 -0.499629 -4.684897
-0.245464 -0.490154 -4.682293
-0.245740 -0.480991 -4.682293
-0.246031 -0.471725 -4.679689
-0.246346 -0.462460 -4.677085
-0.246685 -0.453195 -4.674481
-0.247032 -0.443722 -4.677085
-0.247387 -0.434041 -4.674481
-0.247718 -0.424672 -4.679690
-0.248024 -0.415302 -4.679690
-0.248302 -0.406452 -4.682294
-0.248534 -0.397601 -4.690106
-0.248441 -0.393123 -4.776044
-0.247851 -0.388368 -4.895835
-0.247255 -0.385940 -5.010419
-0.246751 -0.384571 -5.119794
-0.246430 -0.383916 -5.216148
-0.246048 -0.383296 -5.312502
-0.245923 -0.383129 -5.401043
-0.245923 -0.383129 -5.484377
-0.245847 -0.383058 -5.570314
-0.246010 -0.383187 -5.653648
-0.246183 -0.383303 -5.731773
-0.246092 -0.383252 -5.812502
-0.243770 -0.382074 -5.815106
-0.241072 -0.380715 -5.817710
-0.236752 -0.378642 -5.854168
-0.232379 -0.376683 -5.869793
-0.227123 -0.374402 -5.877606
-0.221281 -0.371903 -5.880210
-0.215149 -0.369289 -5.880210
-0.208647 -0.366477 -5.869793
-0.201779 -0.363464 -5.869793
-0.195208 -0.360551 -5.861981
-0.187992 -0.357295 -5.856772
-0.180892 -0.354036 -5.848960
-0.173440 -0.350545 -5.841147
-0.165639 -0.346816 -5.833335
-0.157583 -0.342900 -5.828126
-0.149822 -0.339090 -5.825522
-0.141894 -0.335146 -5.817710
-0.134173 -0.331256 -5.815106
-0.126462 -0.327345 -5.812502
-0.118489 -0.323261 -5.807293
-0.110994 -0.319386 -5.804689
-0.103334 -0.315375 -5.796877
-0.095988 -0.311442 -5.786460
-0.088489 -0.307352 -5.781252
-0.080561 -0.302961 -5.773439
-0.072753 -0.298569 -5.768231
-0.065053 -0.294199 -5.765627
-0.057183 -0.289705 -5.763023
-0.049687 -0.285398 -5.760419
-0.042021 -0.280967 -5.757815
-0.034090 -0.276370 -5.757815
-0.026627 -0.272004 -5.750002
-0.019020 -0.267474 -5.742190
-0.011353 -0.262841 -5.736981
-0.003805 -0.258212 -5.729169
0.004073 -0.253324 -5.726565
0.012020 -0.248351 -5.721356
0.019859 -0.243402 -5.718752
0.027522 -0.238564 -5.721356
0.035374 -0.233635 -5.723960
0.043157 -0.228792 -5.729169
0.051307 -0.223750 -5.729169
0.059102 -0.218928 -5.729169
0.067088 -0.214016 -5.734377
0.074991 -0.209169 -5.731773
0.082881 -0.204302 -5.729169
0.091031 -0.199260 -5.729169
0.099099 -0.194284 -5.731773
0.107097 -0.189393 -5.736982
0.115286 -0.184415 -5.736982
0.123202 -0.179589 -5.734378
0.130940 -0.174872 -5.736982
0.138951 -0.170002 -5.736982
0.146688 -0.165284 -5.734378
0.154497 -0.160482 -5.729169
0.162279 -0.155639 -5.723961
0.169861 -0.150867 -5.718752
0.177593 -0.145943 -5.713544
0.185487 -0.140887 -5.713544
0.193044 -0.136075 -5.718752
0.200707 -0.131237 -5.721356
0.208477 -0.126374 -5.726565
0.215906 -0.121751 -5.726565
0.223689 -0.116908 -5.726565
0.231295 -0.112175 -5.726565
0.238807 -0.107487 -5.723961
0.246577 -0.102624 -5.723961
0.254158 -0.097852 -5.718752
0.261903 -0.092948 -5.718752
0.269837 -0.087954 -5.723961
0.277349 -0.083266 -5.726565
0.284872 -0.078598 -5.729169
0.292491 -0.073885 -5.729169
0.299944 -0.069301 -5.734377
0.307681 -0.064584 -5.736981
0.315241 -0.059974 -5.734377
0.322695 -0.055390 -5.729169
0.330124 -0.050768 -5.723960
0.337705 -0.045995 -5.718752
0.345450 -0.041092 -5.718752
0.353195 -0.036188 -5.718752
0.360939 -0.031284 -5.718752
0.368684 -0.026381 -5.718752
0.376429 -0.021477 -5.718752
0.383916 -0.016751 -5.721356
0.391850 -0.011756 -5.721356
0.399689 -0.006807 -5.718752
0.407340 -0.001949 -5.716148
0.414896 0.002863 -5.716148
0.422710 0.007852 -5.713544
0.430685 0.012975 -5.710940
0.438836 0.018211 -5.713544
0.446474 0.023088 -5.716148
0.454125 0.027946 -5.718752
0.461693 0.032738 -5.718752
0.469098 0.037400 -5.723960
0.473611 0.040000 -5.796877
0.477590 0.041820 -5.911460
0.481363 0.043015 -6.041669
0.483002 0.043320 -6.156252
0.483729 0.043376 -6.257815
0.484458 0.043361 -6.348961
0.484872 0.043316 -6.432294
0.485179 0.043257 -6.513023
0.485179 0.043257 -6.591148
0.485277 0.043222 -6.666669
0.485182 0.043265 -6.742190
0.485000 0.043365 -6.830732
0.487214 0.041995 -6.843753
0.489418 0.040608 -6.846357
0.492856 0.038443 -6.843753
0.497006 0.035846 -6.841149
0.501608 0.032990 -6.835940
0.507105 0.029599 -6.835940
0.512863 0.026036 -6.838544
0.518882 0.022302 -6.838544
0.525442 0.018255 -6.833336
0.532023 0.014242 -6.828127
0.538983 0.010048 -6.822919
0.546058 0.005847 -6.815106
0.553167 0.001701 -6.807294
0.560382 -0.002470 -6.807294
0.567957 -0.006849 -6.807294
0.575533 -0.011227 -6.807294
0.583481 -0.015794 -6.802085
0.591260 -0.020237 -6.802085
0.598858 -0.024576 -6.802085
0.606915 -0.029163 -6.799481
0.614886 -0.033688 -6.799481
0.622785 -0.038131 -6.791669
0.630986 -0.042674 -6.786460
0.639210 -0.047175 -6.781252
0.647995 -0.051952 -6.781252
0.656219 -0.056452 -6.786460
0.664602 -0.061096 -6.791669
0.672876 -0.065722 -6.794273
0.680957 -0.070267 -6.796877
0.688940 -0.074771 -6.796877
0.697190 -0.079440 -6.799481
0.705246 -0.084027 -6.802085
0.713399 -0.088655 -6.796876
0.721758 -0.093343 -6.791668
0.730129 -0.098008 -6.791668
0.738669 -0.102798 -6.796876
0.746822 -0.107426 -6.802085
0.755144 -0.112178 -6.802085
0.763454 -0.116953 -6.807293
0.771378 -0.121561 -6.812502
0.779374 -0.126252 -6.815106
0.787454 -0.131007 -6.815106
0.795366 -0.135636 -6.809897
0.803398 -0.140265 -6.802085
0.811551 -0.144893 -6.796876
0.819365 -0.149275 -6.791668
0.827457 -0.153799 -6.794272
0.835537 -0.158344 -6.796876
0.843521 -0.162848 -6.796876
0.851408 -0.167312 -6.799480
0.859476 -0.171878 -6.796876
0.867629 -0.176506 -6.802084
0.875782 -0.181134 -6.796876
0.883959 -0.185720 -6.791667
0.892269 -0.190281 -6.778646
0.900614 -0.194777 -6.776042
0.908862 -0.199234 -6.781251
0.916818 -0.203574 -6.783855
0.925213 -0.208196 -6.789063
0.933317 -0.212699 -6.791667
0.941494 -0.217284 -6.796876
0.949925 -0.222055 -6.799480
0.958174 -0.226724 -6.796876
0.966351 -0.231310 -6.791667
0.971542 -0.234401 -6.848959
0.974926 -0.236832 -6.963542
0.978205 -0.239884 -7.101563
0.979341 -0.241242 -7.213542
0.979921 -0.242107 -7.312501
0.980367 -0.242932 -7.403647
0.980532 -0.243314 -7.492188
0.980663 -0.243710 -7.575522
0.980713 -0.243912 -7.653647
0.980747 -0.244118 -7.721355
0.980747 -0.244118 -7.794272
0.980745 -0.244014 -7.869793
0.980699 -0.246513 -7.875001
0.980625 -0.249637 -7.880210
0.980516 -0.253803 -7.880210
0.980370 -0.259113 -7.882814
0.980195 -0.265465 -7.880210
0.980036 -0.271817 -7.877606
0.979871 -0.279211 -7.875002
0.979733 -0.286710 -7.869793
0.979620 -0.294521 -7.867189
0.979515 -0.302437 -7.867189
0.979417 -0.310666 -7.864585
0.979329 -0.318999 -7.864585
0.979241 -0.327332 -7.864585
0.979160 -0.335977 -7.861981
0.979114 -0.344519 -7.856773
0.979112 -0.353477 -7.851564
0.979168 -0.362331 -7.843752
0.979283 -0.371289 -7.838543
0.979501 -0.380661 -7.822918
0.979865 -0.389716 -7.804689
0.980382 -0.398973 -7.791668
0.980987 -0.407911 -7.781252
0.981688 -0.416737 -7.768231
0.982518 -0.425971 -7.760418
0.983400 -0.434990 -7.752606
0.984353 -0.443793 -7.739585
0.985375 -0.452483 -7.734376
0.986486 -0.461162 -7.718751
0.987769 -0.470238 -7.708335
0.989147 -0.479301 -7.697918
0.990539 -0.488150 -7.697918
0.991927 -0.496895 -7.695314
0.993337 -0.505636 -7.692710
0.994709 -0.514067 -7.692710
0.996114 -0.522704 -7.692710
0.997524 -0.531445 -7.695314
0.998902 -0.539980 -7.692710
1.000363 -0.548819 -7.687502
1.001813 -0.557448 -7.687502
1.003326 -0.566383 -7.684898
1.004934 -0.575725 -7.682294
1.006553 -0.584853 -7.674481
1.008183 -0.593768 -7.671877
1.009843 -0.602783 -7.671877
1.011503 -0.611798 -7.671877
1.013163 -0.620813 -7.671877
1.014892 -0.630133 -7.669273
1.016614 -0.639349 -7.669273
1.018305 -0.648464 -7.671877
1.019851 -0.657182 -7.684898
1.021267 -0.666028 -7.705732
1.022472 -0.674800 -7.729169
1.023448 -0.683600 -7.757815
1.024175 -0.692320 -7.783857
1.024694 -0.700637 -7.799482
1.025142 -0.709062 -7.802086
1.025602 -0.717696 -7.799482
1.026090 -0.726641 -7.799482
1.026567 -0.735378 -7.799482
1.027061 -0.744218 -7.796878
1.027572 -0.753162 -7.796878
1.028089 -0.762001 -7.794274
1.028654 -0.771255 -7.791670
1.029254 -0.780297 -7.783857
1.029920 -0.789440 -7.778649
1.030575 -0.798270 -7.781253
1.031230 -0.807100 -7.778649
1.031900 -0.816137 -7.781253
1.032536 -0.824864 -7.781253
1.033206 -0.833902 -7.778649
1.033880 -0.842835 -7.778649
1.034551 -0.851873 -7.781253
1.035187 -0.860599 -7.781253
1.035892 -0.869948 -7.776044
1.036650 -0.879188 -7.768232
1.037480 -0.888421 -7.760419
1.038337 -0.897548 -7.760419
1.039171 -0.906572 -7.763023
1.040030 -0.915593 -7.755211
1.040932 -0.924820 -7.757815
1.041805 -0.934259 -7.765627
1.042614 -0.943390 -7.765627
1.043453 -0.953146 -7.770836
1.044249 -0.962696 -7.770836
1.045045 -0.972246 -7.770836
1.045840 -0.981796 -7.770836
1.046598 -0.991036 -7.773440
1.047332 -1.000278 -7.776044
1.048038 -1.009626 -7.781252
1.048665 -1.018563 -7.786461
1.049287 -1.028126 -7.791669
1.049871 -1.037483 -7.791669
1.050418 -1.046633 -7.796878
1.050922 -1.056099 -7.804690
1.051359 -1.065464 -7.809899
1.051773 -1.074829 -7.809899
1.051886 -1.081599 -7.864586
1.051588 -1.086069 -7.976565
1.050918 -1.089546 -8.111982
1.050362 -1.091228 -8.234378
1.050056 -1.091889 -8.341148
1.049630 -1.092605 -8.440106
1.049384 -1.092942 -8.528648
1.049111 -1.093257 -8.606773
1.048963 -1.093403 -8.684898
1.048884 -1.093471 -8.760419
1.049052 -1.093348 -8.828127
1.049052 -1.093348 -8.890627
1.047431 -1.094290 -8.906252
1.045075 -1.095626 -8.911460
1.041720 -1.097523 -8.908855
1.037371 -1.099990 -8.908855
1.032304 -1.102881 -8.903647
1.026626 -1.106170 -8.895835
1.020605 -1.109700 -8.893230
1.014319 -1.113396 -8.893230
1.008043 -1.117108 -8.888022
1.001429 -1.121067 -8.882814
0.994563 -1.125213 -8.880210
0.987708 -1.129377 -8.877605
0.980425 -1.133840 -8.872397
0.973154 -1.138322 -8.872397
0.965977 -1.142759 -8.869793
0.958375 -1.147499 -8.864585
0.950824 -1.152318 -8.848960
0.943510 -1.157121 -8.838543
0.935967 -1.162144 -8.835938
0.928783 -1.166955 -8.833334
0.921705 -1.171736 -8.828126
0.915052 -1.176217 -8.835938
0.907577 -1.181154 -8.846355
0.900319 -1.185852 -8.854168
0.892862 -1.190625 -8.856772
0.885743 -1.195155 -8.859377
0.878085 -1.200000 -8.861981
0.870696 -1.204688 -8.856773
0.863320 -1.209395 -8.856773
0.855512 -1.214392 -8.854169
0.848067 -1.219184 -8.851564
0.840809 -1.223883 -8.848960
0.833470 -1.228647 -8.848960
0.826573 -1.233137 -8.846355
0.819502 -1.237741 -8.848960
0.812163 -1.242505 -8.848960
0.804824 -1.247270 -8.848960
0.797672 -1.251940 -8.843752
0.790544 -1.256647 -8.838544
0.783095 -1.261622 -8.833336
0.775498 -1.266753 -8.828128
0.768088 -1.271786 -8.828128
0.761194 -1.276469 -8.828128
0.753425 -1.281716 -8.833336
0.746415 -1.286411 -8.835940
0.739139 -1.291271 -8.835940
0.731769 -1.296179 -8.838545
0.724827 -1.300789 -8.838545
0.717538 -1.305630 -8.838545
0.710585 -1.310222 -8.843753
0.703700 -1.314730 -8.846357
0.696467 -1.319466 -8.843753
0.689072 -1.324336 -8.841148
0.681851 -1.329090 -8.843753
0.674350 -1.333988 -8.848961
0.667092 -1.338686 -8.851565
0.659728 -1.343413 -8.856773
0.652258 -1.348166 -8.859378
0.645046 -1.352742 -8.859378
0.637469 -1.357522 -8.864586
0.629880 -1.362282 -8.864586
0.622821 -1.366710 -8.864586
0.615231 -1.371470 -8.864586
0.607642 -1.376230 -8.864586
0.602194 -1.379501 -8.903648
0.598750 -1.381229 -9.015628
0.594139 -1.382875 -9.148440
0.593021 -1.383125 -9.260420
0.591985 -1.383239 -9.369795
0.591673 -1.383240 -9.471357
0.591569 -1.383230 -9.567712
0.591364 -1.383192 -9.651045
0.591264 -1.383165 -9.726565
0.591166 -1.383130 -9.807295
0.590975 -1.383045 -9.885420
0.591067 -1.383094 -9.955732
0.589555 -1.382172 -9.989587
0.587617 -1.380950 -9.984379
0.584529 -1.379011 -9.986983
0.580207 -1.376296 -9.984379
0.575180 -1.373137 -9.986983
0.569372 -1.369458 -9.992191
0.562965 -1.365362 -9.994796
0.556672 -1.361282 -10.005213
0.549971 -1.356875 -10.007817
0.543200 -1.352384 -10.013025
0.536267 -1.347760 -10.013025
0.529266 -1.343050 -10.020838
0.521945 -1.338070 -10.023442
0.514730 -1.333120 -10.028650
0.507105 -1.327846 -10.031255
0.499481 -1.322572 -10.028650
0.491922 -1.317387 -10.023442
0.484005 -1.311986 -10.023442
0.476168 -1.306654 -10.020838
0.468237 -1.301275 -10.020838
0.460120 -1.295799 -10.015630
0.452320 -1.290597 -10.010422
0.444334 -1.285300 -10.010422
0.436160 -1.279909 -10.005214
0.428924 -1.275177 -10.002609
0.420278 -1.269555 -10.000005
0.412399 -1.264475 -9.994797
0.404412 -1.259370 -9.992192
0.396330 -1.254220 -9.992192
0.388451 -1.249140 -10.002609
0.380866 -1.244180 -10.005214
0.373201 -1.239153 -10.005214
0.365535 -1.234126 -10.005214
0.357963 -1.229147 -10.007818
0.350137 -1.223985 -10.007818
0.342485 -1.218938 -10.007818
0.334565 -1.213730 -10.005214
0.326699 -1.208629 -9.994797
0.318617 -1.203479 -9.989589
0.310617 -1.198395 -9.992193
0.302630 -1.193290 -9.994798
0.294562 -1.188118 -9.994798
0.286750 -1.183125 -9.992193
0.279114 -1.178245 -9.994798
0.271316 -1.173231 -9.997402
0.263624 -1.168245 -10.002610
0.255878 -1.163150 -10.010423
0.248159 -1.158016 -10.013027
0.240453 -1.152862 -10.015632
0.232748 -1.147707 -10.013027
0.224681 -1.142342 -10.010423
0.217296 -1.137458 -10.007818
0.209831 -1.132506 -10.013026
0.202471 -1.127583 -10.015631
0.195032 -1.122593 -10.015631
0.187685 -1.117651 -10.018235
0.180192 -1.112553 -10.026048
0.172910 -1.107516 -10.033860
0.165576 -1.102372 -10.039068
0.158021 -1.096999 -10.046881
0.150600 -1.091618 -10.057298
0.143235 -1.086161 -10.067715
0.136017 -1.080680 -10.080735
0.129022 -1.075253 -10.088548
0.122233 -1.069899 -10.096360
0.115485 -1.064493 -10.104173
0.108854 -1.059109 -10.109381
0.101784 -1.053275 -10.119798
0.095165 -1.047713 -10.127610
0.088417 -1.041981 -10.130215
0.081525 -1.036096 -10.132819
0.074648 -1.030193 -10.135424
0.067787 -1.024273 -10.138028
0.060941 -1.018334 -10.140633
0.054568 -1.012805 -10.138028
0.048037 -1.007140 -10.140633
0.041435 -1.001398 -10.140633
0.034832 -0.995655 -10.140633
0.028088 -0.989759 -10.145841
0.021516 -0.983982 -10.145841
0.014803 -0.978050 -10.151049
0.008020 -0.972041 -10.148444
0.001220 -0.966049 -10.145840
-0.005751 -0.959938 -10.143235
-0.012636 -0.953886 -10.148443
-0.019264 -0.948015 -10.151048
-0.025806 -0.942204 -10.151048
-0.032402 -0.936298 -10.158860
-0.038899 -0.930437 -10.158860
-0.045534 -0.924418 -10.164068
-0.052069 -0.918444 -10.166673
-0.058673 -0.912391 -10.166673
-0.065261 -0.906321 -10.171881
-0.071681 -0.900375 -10.171881
-0.078406 -0.894146 -10.171881
-0.084963 -0.888042 -10.177089
-0.090139 -0.883056 -10.205734
-0.093165 -0.879753 -10.302089
-0.095916 -0.875957 -10.434901
-0.096619 -0.874680 -10.549484
-0.097017 -0.873717 -10.658859
-0.097105 -0.873417 -10.760422
-0.097144 -0.873213 -10.854172
-0.097144 -0.873213 -10.942714
-0.097139 -0.873525 -11.018234
-0.097172 -0.874045 -11.098964
-0.097200 -0.874251 -11.166672
-0.097304 -0.874762 -11.226567
-0.097020 -0.873651 -11.265630
-0.096409 -0.871443 -11.265630
-0.095575 -0.868431 -11.265630
-0.094375 -0.864116 -11.268234
-0.092924 -0.859005 -11.276047
-0.091375 -0.853706 -11.283859
-0.089561 -0.847617 -11.286464
-0.087768 -0.841629 -11.286464
-0.085894 -0.835340 -11.283859
-0.083922 -0.828754 -11.289067
-0.081955 -0.822275 -11.291672
-0.079769 -0.815210 -11.299484
-0.077484 -0.807957 -11.302089
-0.075139 -0.800614 -11.307297
-0.072627 -0.792887 -11.312505
-0.070075 -0.785173 -11.317713
-0.067546 -0.777562 -11.315108
-0.064819 -0.769357 -11.317713
-0.062070 -0.761050 -11.312505
-0.059408 -0.752934 -11.312505
-0.056638 -0.744524 -11.315109
-0.053933 -0.736312 -11.312505
-0.051314 -0.728292 -11.309900
-0.048544 -0.719772 -11.309900
-0.045774 -0.711253 -11.309900
-0.042961 -0.702638 -11.312505
-0.040104 -0.693928 -11.312505
-0.037335 -0.685408 -11.307297
-0.034523 -0.676683 -11.307297
-0.031628 -0.667657 -11.304692
-0.028839 -0.658925 -11.304692
-0.025987 -0.649994 -11.304692
-0.023264 -0.641351 -11.296880
-0.020605 -0.632796 -11.296880
-0.017823 -0.623843 -11.296880
-0.015142 -0.615296 -11.302088
-0.012188 -0.605960 -11.302088
-0.009359 -0.597022 -11.302088
-0.006554 -0.588077 -11.296880
-0.003710 -0.578925 -11.296880
-0.000847 -0.569670 -11.294275
0.001955 -0.560615 -11.296880
0.004756 -0.551559 -11.294275
0.007412 -0.542894 -11.291671
0.010086 -0.534126 -11.291671
0.012780 -0.525256 -11.289066
0.015371 -0.516680 -11.289066
0.018065 -0.507809 -11.291671
0.020721 -0.499145 -11.294275
0.023315 -0.490679 -11.291671
0.026009 -0.481808 -11.289066
0.028721 -0.472834 -11.289066
0.031354 -0.464163 -11.291671
0.034052 -0.455402 -11.296879
0.036688 -0.446840 -11.291671
0.039241 -0.438471 -11.291671
0.041877 -0.429909 -11.296879
0.044494 -0.421451 -11.294274
0.047130 -0.412889 -11.294274
0.049747 -0.404430 -11.296879
0.052343 -0.396074 -11.296879
0.055022 -0.387417 -11.294274
0.057761 -0.378560 -11.296879
0.060378 -0.370101 -11.294274
0.062719 -0.362867 -11.322920
0.064276 -0.358889 -11.414065
0.066266 -0.355111 -11.546878
0.067219 -0.353743 -11.661461
0.067837 -0.353038 -11.768231
0.068218 -0.352683 -11.864586
0.068549 -0.352430 -11.963544
0.068638 -0.352375 -12.059898
0.068731 -0.352328 -12.140628
0.069020 -0.352211 -12.221357
0.068822 -0.352274 -12.294274
0.068822 -0.352274 -12.372399
0.070156 -0.352043 -12.416670
0.072934 -0.351605 -12.403649
0.076738 -0.350986 -12.406254
0.081882 -0.350169 -12.411462
0.087648 -0.349284 -12.416670
0.094446 -0.348258 -12.416670
0.101659 -0.347190 -12.421878
0.109081 -0.346110 -12.421878
0.117127 -0.344982 -12.432295
0.125077 -0.343920 -12.434899
0.133443 -0.342825 -12.437504
0.142019 -0.341725 -12.440108
0.150391 -0.340673 -12.442713
0.159284 -0.339591 -12.447921
0.168074 -0.338534 -12.445316
0.176862 -0.337453 -12.442712
0.185959 -0.336322 -12.442712
0.194747 -0.335242 -12.445316
0.203433 -0.334185 -12.445316
0.212119 -0.333128 -12.445316
0.220493 -0.332098 -12.442712
0.228970 -0.331045 -12.442712
0.237653 -0.329966 -12.442712
0.246025 -0.328914 -12.440107
0.254807 -0.327788 -12.437503
0.263478 -0.326618 -12.427086
0.272137 -0.325358 -12.416669
0.280786 -0.324030 -12.411461
0.289427 -0.322658 -12.406253
0.297755 -0.321302 -12.403648
0.306285 -0.319890 -12.401044
0.314501 -0.318497 -12.395836
0.322397 -0.317085 -12.382815
0.330795 -0.315526 -12.382815
0.339084 -0.313953 -12.375003
0.347266 -0.312368 -12.375003
0.355752 -0.310713 -12.372398
0.364024 -0.309054 -12.364586
0.372493 -0.307310 -12.361981
0.380956 -0.305544 -12.359377
0.389420 -0.303778 -12.361981
0.397679 -0.302055 -12.359377
0.406034 -0.300278 -12.354169
0.414379 -0.298457 -12.348961
0.422715 -0.296593 -12.343753
0.431041 -0.294685 -12.338545
0.439466 -0.292744 -12.341149
0.448094 -0.290755 -12.338545
0.456914 -0.288674 -12.330732
0.465718 -0.286523 -12.322920
0.474614 -0.284314 -12.322920
0.483511 -0.282104 -12.322920
0.492407 -0.279894 -12.322920
0.501194 -0.277676 -12.315107
0.509767 -0.275463 -12.312503
0.518640 -0.273161 -12.312503
0.527409 -0.270873 -12.309898
0.536270 -0.268525 -12.304690
0.545423 -0.266061 -12.302086
0.554570 -0.263573 -12.299481
0.564105 -0.260926 -12.291669
0.573633 -0.258254 -12.294273
0.582968 -0.255662 -12.296878
0.592406 -0.253055 -12.296878
0.601643 -0.250504 -12.296878
0.610777 -0.247968 -12.294273
0.620305 -0.245296 -12.291669
0.629730 -0.242640 -12.291669
0.639155 -0.239984 -12.291669
0.648973 -0.237189 -12.286461
0.658584 -0.234427 -12.286461
0.668298 -0.231648 -12.289065
0.678324 -0.228822 -12.294273
0.688053 -0.226094 -12.291669
0.697678 -0.223382 -12.291669
0.707200 -0.220685 -12.289064
0.716514 -0.218021 -12.286460
0.726021 -0.215274 -12.283855
0.735928 -0.212412 -12.286460
0.745332 -0.209683 -12.281252
0.755024 -0.206828 -12.278647
0.764413 -0.204049 -12.278647
0.773706 -0.201313 -12.281252
0.782806 -0.198658 -12.283856
0.791616 -0.196126 -12.289064
0.800433 -0.193616 -12.289064
0.809243 -0.191084 -12.283856
0.817949 -0.188569 -12.286461
0.827056 -0.185938 -12.283856
0.835963 -0.183365 -12.286461
0.844966 -0.180752 -12.281253
0.854355 -0.177973 -12.276045
0.863448 -0.175295 -12.283857
0.872355 -0.172722 -12.286462
0.881572 -0.170099 -12.291670
0.890388 -0.167589 -12.286462
0.898318 -0.165388 -12.304691
0.902899 -0.164395 -12.401046
0.907978 -0.163891 -12.533858
0.909956 -0.163942 -12.651046
0.911195 -0.164113 -12.755213
0.912005 -0.164307 -12.848963
0.912796 -0.164569 -12.921880
0.913181 -0.164728 -12.994797
0.913088 -0.164681 -13.065109
74 185 263 373 
