273353892 -580 -2160 16856 -25 889 180
273403953 -2140 1324 16192 -203 -63 -575
273453993 -4924 4120 16976 -124 860 301
273504029 -8 -1544 16708 -513 -137 685
273554061 1956 -1420 16240 -230 -325 328
273604097 -332 -1476 16768 -635 3 311
273654138 480 -312 16880 -406 263 69
273704177 -1556 652 15784 -373 -804 82
273754204 56 684 20460 -46 788 -68
273804239 2216 -3456 17988 38 648 -543
273854282 2360 -4160 17456 -293 1488 618
273904321 564 1032 15856 159 799 -190
273954355 72 -1884 15144 -429 435 -475
274004396 -2288 388 18680 -132 251 -70
274054439 500 4208 17160 -130 389 -64
274104469 -2756 1908 15540 -651 690 -400
274154545 2628 -164 17888 -373 758 -13
274204593 8320 -5004 15100 -1017 491 1127
274254620 896 56 16856 61 -20 705
274304668 -2440 -1232 16372 -278 85 1734
274354712 -3548 2120 15872 -464 -573 1193
274404803 -780 -2712 16388 -541 -169 1240
274454841 2376 -284 15732 -160 -54 1043
274504878 -376 1908 15712 -496 268 382
274554915 -6832 1344 16020 -204 -588 448
274604972 -24 284 16780 193 22 1520
274655013 -3064 580 11232 -761 -408 -412
274705050 -2516 -628 17360 -280 -141 -120
274755084 364 -2236 14056 -826 -1079 54
274805112 -1268 -1680 17560 -1189 26 684
274855143 168 200 16588 58 -217 357
274905191 1364 -208 13424 -264 -38 438
274955235 -2868 644 16616 -240 -240 446
275005280 1848 -996 15344 -56 -729 397
275055344 1240 92 16452 -447 -312 494
275105381 2460 -468 16084 573 -686 207
275155424 -1484 -376 15748 44 288 508
275205454 -2460 520 18060 -795 859 257
275255497 -1320 -272 16524 -589 398 117
275305546 872 740 15488 33 269 78
275355584 1636 -808 18240 -489 80 428
275405632 2144 -92 15832 -84 -170 606
275455659 -4048 1892 13416 -743 125 918
275505686 -1452 516 17752 -305 -66 898
275555719 2448 3304 12388 425 -362 833
275605749 2488 1008 12580 -654 -305 476
275655776 -9472 1748 16984 223 1085 -836
275705824 456 356 17124 243 999 -168
275755864 -1912 1400 17024 -1382 -173 -350
275805902 852 368 12236 -633 37 -1171
275855938 76 -3332 16016 125 -424 -1031
275905972 500 -6272 16340 -876 -411 -240
275956010 -7360 -2576 17872 610 3535 1669
276006058 884 -736 14200 -6 884 1919
276056102 -2380 1216 16276 -333 829 1294
276106155 2096 -2252 12676 -382 -395 760
276156209 0 -484 14852 -565 851 345
276206357 760 600 16704 209 70 329
276256387 -5312 -1684 18304 -203 207 1465
276306418 -128 3364 15776 -1091 -128 381
276356470 -2600 2096 15252 -1076 -487 -552
276406507 -2232 -736 16312 169 -139 -574
276456543 -1484 660 17244 -163 139 -113
276506593 -768 -1016 16176 -554 69 -14
276556622 1792 900 16972 109 315 -144
276606662 -5188 12504 16404 446 5696 -13961
276656710 1040 368 13804 597 -3359 -21086
276706744 2552 644 13844 111 838 -17559
276756781 -612 -620 17136 -170 851 -16812
276806785 -2756 -5764 13852 -516 106 -14020
276856828 -1692 -576 18720 2 826 -13311
276906865 -816 868 15584 187 -103 -11376
276956904 328 -180 16484 -538 -644 -10847
277006967 -240 276 14236 -147 -759 -10311
277057003 -1920 36 16184 -7 157 -10311
277107032 624 812 16032 -213 650 -11200
277157058 -876 928 17476 -353 -77 -12349
277207096 1504 -1392 16436 -143 -465 -11611
277257142 836 484 13612 -19 269 -11635
277307184 -224 -1828 16136 -460 238 -12403
277357233 1632 -5812 16048 -1228 -1148 -3139
277407275 2272 296 16144 -92 -87 -473
277457329 -976 -624 16972 -620 -327 -455
277507384 368 -296 16324 -196 412 -88
277557432 -1760 880 16692 -247 10 -148
277607485 -996 -880 16344 -90 102 197
277657525 308 -200 16364 277 727 557
277707552 1600 -284 15792 163 231 480
277757600 256 -760 16324 -441 648 457
277807642 288 -340 16536 -251 384 -340
277857685 2760 -780 17752 -239 420 -15
277907712 1788 720 15900 -1 400 -731
277957749 568 492 14332 -206 -508 49
278007785 648 -584 16960 437 634 402
278057814 1036 -528 15380 -861 696 -250
278107842 1488 -724 16764 -706 -198 -818
278157876 -1364 608 17372 -254 306 -754
278207911 2212 -2504 15016 -354 817 -146
278259719 -11496 2812 18072 -847 -427 440
278309761 -356 348 14508 -337 436 889
278359807 -4156 3224 28232 614 2405 -781
278409849 6108 -3752 15008 -164 214 -512
278459964 -2052 -240 17544 -1138 300 339
278509991 -3916 -1892 15544 383 642 -367
278560026 -9056 1368 32767 -173 78 456
278610072 -4836 1196 19004 -1463 -155 853
278660104 72 -2476 16988 74 518 260
278710136 1928 368 17060 332 159 311
278760183 1608 -128 15768 -223 -10 1333
278810221 316 -112 16056 510 -13 872
278860263 2944 1036 14388 -550 35 1190
278910306 188 -344 17676 -488 414 573
278960343 1868 416 15192 -273 -43 760
279010384 -1324 0 17060 -719 407 724
279060415 36 -1308 17244 763 139 471
279110444 384 -868 16904 527 507 1092
279160474 -668 448 16508 -850 1086 390
279210535 632 1820 16076 -713 -64 -434
279260570 -124 -684 15240 -221 -155 -433
279310600 -3888 848 17624 -721 423 319
279360628 988 548 17752 -31 -489 243
279410663 1120 -2012 21496 -300 1311 687
279460746 4576 -1932 14236 -313 -128 -153
279510787 864 -2148 16096 1 572 309
279560818 912 664 18184 355 146 164
279610848 196 476 16788 152 68 723
279660897 -3240 1492 14972 -1439 -516 488
279710941 -720 316 18800 -115 279 -518
279760988 -3096 1456 17032 -308 -435 -403
279811036 -216 344 16556 -776 103 284
279861069 3876 -80 18788 103 -769 87
279911118 -44 -2472 14264 -1060 -879 619
279961165 1088 -1256 16656 -261 -158 382
280011197 -228 844 15908 83 -506 418
280061255 -7736 -6448 32767 41 3149 712
280111291 2504 -2528 23688 706 2645 1833
280161347 -1092 172 15812 -1179 -223 724
280211386 1636 820 14728 -700 47 -174
280261426 -2524 2464 16696 -247 135 -341
280311454 1308 -608 15712 -127 176 400
280361502 -1116 4656 15904 458 -289 -297
280411533 2380 612 14712 -329 90 238
280461629 -636 168 15032 74 478 -110
280511672 -3964 1348 17008 -616 372 73
280561697 -28 348 15864 -155 592 130
280611737 -984 -1124 18624 -144 693 901
280661763 -232 -448 15308 -993 -61 927
280711815 1812 -44 18152 -432 -134 -741
280761845 1372 -440 15324 -80 -14 15
280811874 -1668 2172 17032 -762 -9 417
280861916 888 444 14956 -1 187 517
280911962 2164 704 16092 138 -318 482
280961992 -2928 3828 16376 -1500 -165 193
281012041 -1444 1556 15492 165 -30 216
281062088 -988 336 16772 -38 1015 425
281112131 -4444 224 16724 179 278 602
281162163 -868 -36 15904 -197 -575 541
281212193 -3140 1488 27032 124 1955 81
281262250 -2912 264 16340 -487 690 -373
281312289 1612 -896 16836 -348 -210 296
281362325 -3316 1748 15068 -317 -459 428
281412384 -1624 -280 15776 36 -330 968
281462403 -348 1824 18232 -265 351 1076
281512439 -2936 972 17952 -396 -516 907
281562467 -1676 -928 18244 -330 -133 838
281612512 -2892 1292 17844 -869 744 181
281662544 -1640 -1916 16372 276 297 809
281712579 -488 -616 17236 -128 10 455
281762609 -2168 -1020 17416 -1574 -306 -255
281812655 1244 -208 15400 47 652 -451
281862699 1496 360 16336 -254 -49 231
281912746 -1960 -376 18096 -325 828 838
281962794 716 -2724 15828 187 62 1110
282012821 924 608 15788 101 658 750
282062856 1952 496 14576 -337 -593 1044
282112896 220 1112 17368 -457 376 292
282162928 -8536 4364 11224 -220 2064 -8531
282212967 -2044 -56 15432 427 465 -20009
282263002 -4164 2924 32767 -117 -563 -20953
282313049 -3376 -3308 20756 -451 -1338 -16916
282363087 224 -1272 14040 56 -754 -14829
282413113 1216 2584 17992 -76 -310 -14540
282463189 756 -236 16180 -284 -429 -11830
282513220 1032 -784 16928 -84 542 -10642
282563264 1372 -380 15348 169 149 -10049
282613300 -676 -2356 17168 -74 299 -10091
282663349 -120 -288 15232 -255 -125 -10500
282713385 36 -952 15732 -82 173 -9754
282763431 124 -124 16688 -142 -293 -7830
282813464 848 1276 14008 19 236 -8915
282863506 2088 -4628 18096 -291 -722 -6792
282913552 776 312 16480 -461 92 870
282963597 -764 596 15940 -471 21 -156
283013630 -1136 592 16820 -334 795 -12
283063679 932 -160 16060 -76 545 353
283113676 640 -404 15156 499 110 819
283163712 780 -172 15688 -39 721 902
283213770 -3204 1332 15572 -475 -365 -424
283263815 908 1148 16420 -150 -406 -343
283313859 1852 720 14220 -590 21 -329
283363885 824 -708 18156 -327 299 -500
283413924 436 -84 19444 -289 1160 -471
283463956 1716 -1492 18216 196 824 792
283514081 -68 -276 17336 187 262 328
283564112 2212 -540 16360 -21 285 892
283614144 -392 -456 19692 -448 -81 246
283664184 -2604 1280 18920 -450 -4 -265
283714233 -420 -552 16140 -114 233 -146
283764283 1856 1100 15208 -349 733 -696
283814327 796 -280 16808 -207 -263 -836
283864367 -1232 -1000 17212 -655 138 -1148
283914404 -1664 232 17492 -751 80 -1711
283964452 -2888 -2800 11320 -1168 1669 -585
284014481 -3580 880 16580 -391 932 36
284064528 -104 1032 15436 230 660 402
284114580 7980 -2112 20116 704 -323 775
284164624 -5172 -168 18544 -922 917 951
284214673 5112 -772 15620 -102 -477 -259
284264716 -13652 1088 13728 -991 1523 843
284314745 1216 -972 19692 -1002 1065 2007
284364773 -10868 3244 17052 -920 411 70
284414803 -1204 240 17844 -386 195 -52
284464846 -532 -748 16704 -352 740 -359
284514890 1180 -604 15664 -1278 183 -97
284564928 8 -1300 16572 -546 -1295 -62
284614976 432 88 17156 289 -597 79
284665010 -764 548 16604 6 -227 312
284715043 -932 924 16596 -199 -22 352
284765099 -236 1436 17684 -723 -788 -534
284815141 -16 -1192 17468 290 153 -288
284865167 -3376 768 17156 -650 485 -214
284915214 -2064 -980 16232 -351 -506 -537
284965250 -13596 6592 13224 -1452 -1031 -1141
285015308 -2556 2012 18656 -771 375 -764
285065340 4328 -1336 13932 -332 50 11
285115390 280 -2776 19868 293 896 91
285165425 1292 -180 18160 -126 648 196
285215452 -5696 1840 16056 -628 -24 228
285265482 1380 -2156 16476 -92 -182 800
285317341 3532 -1144 14164 -375 -385 54
285367411 -2596 -268 15960 235 445 161
285417447 -3836 468 17352 -616 379 564
285467485 -904 1492 15836 -520 -395 -654
285517639 92 -528 16516 -221 681 -553
285567670 -2008 1988 12848 -1261 526 134
285617710 4000 1700 13324 -1330 1228 -241
285667746 -5528 2408 17960 -521 -416 135
285717782 -636 -1360 15056 12 666 375
285767816 -1872 -1700 17944 348 -135 582
285817853 5204 -520 14284 122 43 905
285867887 832 -1472 15876 -176 281 -85
285917926 -620 -3736 20652 68 1751 -324
285967953 -5676 1848 16764 -439 1188 -199
286017987 3208 -8 15872 -165 -673 -202
286068015 -10884 8208 21136 -42 1714 -5817
286118054 -12 -136 13320 -83 -1073 -20752
286168097 -3028 -2424 16352 651 2613 -17221
286218125 -800 748 16660 271 1355 -17014
286268184 -3312 624 17592 -88 -659 -15566
286318223 168 84 16620 543 -175 -15601
286368269 28 -2164 15824 458 189 -14360
286418300 284 -1120 15968 -47 -659 -12401
286468333 432 460 15644 -132 -247 -10207
286518375 -284 84 18948 -297 -188 -8956
286568426 -1020 1276 15844 -243 -527 -8316
286618455 -168 2588 15616 -471 -131 -8383
286668500 -1452 2192 17028 -480 -255 -8227
286718528 -792 1620 15984 -385 -11 -9713
286768570 1576 -2196 14436 -551 -623 -6183
286818608 812 -192 17220 -334 595 -832
286868654 236 504 16592 63 435 -386
286918702 228 -24 15896 -345 -173 258
286968746 -736 840 16980 -524 124 224
287018791 -1984 1096 13428 -179 29 -338
287068828 604 -2380 12616 -215 -55 249
287118865 3760 -108 17676 119 -580 -633
287168912 -2096 -456 16696 -457 633 -701
287218976 -2224 384 15116 -317 875 -806
287269006 -1804 2108 15292 1485 1082 -986
287319036 -848 -1516 16520 -394 -375 -657
287369077 2800 -136 16804 -410 503 -77
287419135 1920 -792 15124 -54 210 602
287469170 956 -528 14836 -134 406 -89
287519217 388 -364 17828 -252 376 -51
287569259 -1400 1708 15868 -138 528 -63
287619308 -448 412 16632 -518 56 -465
287669347 -868 788 16156 186 -27 -1217
287719375 -3884 2208 14708 -1235 -316 -1159
287769417 -1064 1100 17580 -562 90 -1337
287819448 -2964 -52 15852 -95 -56 -682
287869496 -3356 1188 14584 -231 -18 -385
287919541 -2560 1196 15864 -488 -1159 -342
287969585 908 -1040 16580 -105 -449 115
288019626 -60 -320 15132 -241 353 -16
288069667 -1972 572 17704 -93 175 18
288119701 -1072 -772 18088 -564 1196 532
288169749 588 -2540 16892 -666 -356 301
288219787 -1320 -180 14548 -294 -722 -612
288269830 584 -392 15700 -970 387 -598
288319874 1192 -1236 15628 -119 591 -443
288369920 -1580 -900 16088 -177 327 15
288419964 -840 132 16264 -422 829 451
288470008 -400 -232 17728 169 33 527
288520063 -1316 688 13632 -297 61 585
288570093 -3180 -352 15532 -565 -288 65
288620127 2012 156 14480 500 -197 93
288670178 5584 -1632 13832 -322 176 508
288720218 316 488 15932 -394 -98 -237
288770247 4004 324 20808 -134 253 -729
288820288 -6228 -760 14068 -2509 -2960 -620
288870334 324 1656 16816 -358 477 -512
288920369 472 1212 17676 112 104 -422
288970426 152 956 17444 -81 1115 507
289020459 892 -548 19648 41 216 316
289070500 -1796 -652 13664 -963 -68 -276
289120536 -3068 48 15904 -340 749 -259
289170598 -96 -1372 15276 -84 -542 257
289220636 1576 -996 12948 315 -314 -50
289270684 2296 556 16628 -373 -86 123
289320728 3812 -3412 17180 -420 456 -433
289370768 2488 -1720 15760 -345 340 -895
289420805 1872 740 32767 276 2054 -311
289470844 -904 -396 13660 -573 -770 -1533
289520920 364 -296 13828 57 -190 -178
289570961 5352 -3272 14228 -195 143 775
289621002 20 -64 14664 -84 -355 134
289671047 -868 960 16168 108 -310 457
289721094 -332 2192 15848 -1075 -84 465
289771127 -2112 -908 15572 -47 -222 -107
289821156 -5116 -736 17724 -558 -435 -521
289871194 -2480 -12 17900 -1550 309 -321
289921226 -1540 -572 17712 -391 -102 -857
289971253 -3780 1856 17668 -305 -114 32
290021297 -7728 4132 18372 -299 268 276
290071325 -596 -208 17540 376 -397 753
290121369 432 868 15812 -196 -735 559
290171419 1584 -208 16968 135 1076 -156
290221464 -832 -2304 16528 133 329 593
290271492 -5944 -2628 17952 -960 2738 26
290321535 2348 -920 17316 -176 -621 -545
290371569 -796 -2596 18168 -73 -77 345
290421682 -144 2232 15756 -1054 86 -552
290471709 2748 132 14912 -789 -726 -259
290521758 -1676 -1004 16420 -221 483 381
290571799 -344 -688 17388 -248 -395 378
290621838 376 464 18408 576 564 685
290671888 -868 -120 16476 -51 1 888
290721937 -4704 -1128 19384 -160 902 478
290771980 -3032 -888 17648 -149 493 573
290822007 -964 184 16760 -945 700 812
290872036 -1116 168 15216 398 -501 -160
290922076 -448 -712 17180 -78 339 556
290972122 2600 -3980 17440 -1715 505 831
291022136 788 1368 15952 61 980 -875
291072182 -5280 3400 14308 -459 375 -133
291122231 -3856 1480 15808 -395 -1083 44
291172275 5208 28 14712 90 -190 120
291222316 -1004 -984 17168 -912 -532 617
291272362 -848 -1104 16168 -350 574 543
291322404 -776 -956 18740 146 961 303
291372435 -984 -64 15640 -224 1140 352
291422475 -3772 -696 21272 -26 -8 192
291472515 -292 -628 13192 -501 -578 -278
291522551 -1064 -60 15708 -1178 -110 -171
291572584 -3652 2648 15808 -136 -110 -1523
291622626 -60 2380 15544 -32 2097 -18187
291672664 -5692 2956 19188 -597 -2517 -18086
291722698 3560 1756 10344 946 -2889 -17649
291772725 -952 1280 19356 -4 -815 -15213
291822755 1420 -3480 13912 172 -112 -13119
291872791 600 852 15332 482 -310 -13479
291922849 -1052 -628 18624 306 610 -13151
291972879 328 44 16032 -26 -71 -13146
292022919 788 -552 16116 -85 -5 -13390
292072957 -428 2152 16292 107 -286 -12873
292123027 884 -3824 17064 -474 -226 -7706
292173059 -1092 -372 15600 -328 -98 -1991
292223096 152 2188 16924 -222 -63 -1606
292273123 1240 1740 15936 24 -1153 -3218
292323240 972 2088 15124 49 -1219 484
292374964 556 1112 16128 -433 -324 -685
292424995 1164 -248 15404 -546 34 -766
292475021 640 1852 16980 -361 -375 -432
292525053 2308 1292 16488 -51 -313 -914
292575086 -2396 1608 17592 -584 1022 -393
292625177 -588 -444 16704 -638 697 -397
292675220 -56 -1880 17416 294 1237 -184
292725262 -992 -736 16588 -101 427 564
292775308 -4056 1484 22148 -380 931 122
292825356 4052 -2396 15048 218 -69 385
292875384 -152 -2548 17400 -82 -263 424
292925431 -2500 1532 16360 -426 -158 -257
292975462 -1984 1812 16304 -217 260 -379
293025500 2624 120 14088 -703 283 -188
293075541 -5828 -300 13908 -307 -755 -471
293125579 2236 1592 13040 -408 -448 -601
293175629 -3300 4276 17336 -46 580 -1123
293225663 -1752 -160 15444 -1403 195 -1883
293275695 -236 316 15784 -627 708 -1791
293325738 -4252 -2432 29244 -191 1383 -2451
293375792 652 -2684 31176 189 2190 -1377
293425836 -9836 1624 15576 -954 69 -387
293475870 3292 -1852 18564 -313 789 -291
293525902 2984 -2056 16340 474 209 -925
293576025 1284 1796 13852 -212 622 -768
293626067 -6424 1128 15004 -925 -915 -789
293676096 2536 -288 14628 -113 -1010 -777
293726135 4972 -3000 23360 57 1318 -1422
293776164 -852 -2832 15140 -91 -43 -1005
293826214 1692 -2380 20380 613 1104 -607
293876251 -516 720 8680 132 -93 1460
293926284 -540 96 14132 -131 -217 367
293976312 -2496 1972 16616 -189 322 -19
294026358 1436 -16 17308 -324 -96 59
294076394 1756 912 8256 272 173 -250
294126432 -7304 2960 16372 -1097 -172 -32
294176486 5540 -3340 15792 240 -326 152
294226523 1480 -1176 13244 -29 -838 -507
294276564 -4304 616 19804 -1005 464 -132
294326599 468 2116 16036 -872 -106 54
294376631 -4576 1196 21808 54 47 9
294426678 236 284 16092 -129 1164 274
294476719 4168 -1348 15252 347 772 364
294526752 944 1536 17492 -497 -238 494
294576824 -10152 532 27964 -906 2387 -131
294626862 2576 -1232 16876 584 1479 144
294676889 -1072 -240 16328 -624 1143 361
294726926 -1484 188 14512 -1126 -959 -16
294776966 1440 -1928 17404 147 641 -107
294826998 972 660 15616 -342 146 -508
294877044 1304 -404 15048 -406 -40 232
294927072 -1060 -2208 16420 325 348 335
294977122 -3336 -676 20332 -328 299 717
295027168 2092 -1324 14608 96 -339 579
295077223 -420 308 12768 -523 -18 649
295127264 -1484 476 18604 -601 546 -248
295177291 632 536 17376 188 6 492
295227326 -1328 -176 15964 -210 -484 246
295277365 684 -1672 22756 -351 491 37
295327409 3664 -2792 13528 -24 -423 -511
295377456 1120 2404 16892 546 207 -191
295427492 660 2468 11740 -1007 -1079 46
295477532 -6616 2176 17428 -964 24 -663
295527568 -1812 2608 15592 -798 1594 -16828
295577677 -6684 -11332 22868 -799 -2919 -19566
295627724 2120 2140 15200 -196 -1241 -16361
295677767 596 1920 15368 -14 -641 -16752
295727808 -16 4100 15760 426 -93 -13311
295777838 -848 -2020 17196 289 248 -14012
295827867 580 -1712 17496 129 513 -12437
295877912 728 780 16680 61 636 -12309
295927957 -1768 880 16776 -78 -49 -13251
295978002 -624 -108 15504 9 334 -12117
296028032 -1172 -1088 16600 367 515 -11906
296078080 832 -1144 15936 -260 87 -11803
296128117 588 1196 15144 -399 -215 350
296178143 -5760 4880 15536 -155 647 -2483
296228174 7012 -992 13636 66 1043 -4710
296278222 -3908 -920 18536 -1074 674 -1910
296328264 116 2536 15968 -361 -8 -853
296378304 -1076 256 14324 -539 -159 -8
296428345 -1644 -260 16920 -302 -219 213
296478381 -196 -136 16188 46 -424 1211
296528435 -4976 -104 19776 -626 1192 1054
296578528 1656 24 17412 -255 1459 1422
296628564 2884 -232 18308 -181 1313 490
296678606 -1472 12 16088 114 994 1282
296728638 1968 -1324 14868 574 614 1793
296778671 -3728 2028 18072 -882 -74 1078
296828699 968 1260 16628 251 -661 231
296878741 -776 2148 16468 -465 -379 208
296928774 -1516 660 19552 -711 770 621
296978812 -636 -864 19160 -464 687 88
297028849 -1232 -260 16344 129 282 1172
297078878 -8916 1620 16788 -802 -700 574
297128920 -3260 944 16940 -348 175 1257
297178951 -2048 -280 16944 794 916 1268
297228979 432 -692 16492 -425 1128 1195
297279025 4668 -1524 16148 351 1375 987
297329069 356 1544 13608 -261 -777 1092
297379095 -3416 3512 14660 -1343 -585 495
297429124 -372 1980 16428 -405 -494 -120
297479153 -4088 2692 17980 -827 -18 398
297529181 392 896 18132 -886 172 418
297579208 -7272 3632 15152 -1121 -648 -189
297629257 -2936 412 16652 -142 79 781
297679307 -3680 -464 18064 -787 193 593
297729351 -1884 108 15892 78 358 1090
297779393 -1024 -40 17108 -186 474 1710
297829432 -3188 1844 16528 -562 831 1168
297879477 -2208 -2936 23036 -1001 -65 788
297929527 -2472 592 18396 -997 242 -95
297979557 1072 -1808 17456 -118 -226 -660
298029589 2752 224 11608 -496 -164 -267
298079633 264 -820 14084 -1364 -8 -309
298129664 -7288 1048 15820 -531 -373 -759
298179712 -960 -308 16292 -253 -10 -304
298229745 -3652 1880 17196 -383 582 -78
298279786 1640 -1312 17500 -115 -56 92
298329820 -2416 -156 16216 273 1094 698
298379864 136 -2340 16732 -280 869 478
298429912 328 -1820 16676 -296 -302 330
298479960 -5040 956 16952 -860 -285 -763
298530050 2608 2424 10012 130 -73 52
298580088 1048 2128 17860 -186 -167 12
298630131 -2456 660 17720 191 777 5
298680160 -852 1244 16956 -187 1280 996
298730198 2608 60 18844 726 752 877
298780239 1544 -284 19044 -273 140 543
298830272 -552 -1064 16092 11 450 684
298880299 2712 -1116 14696 -210 232 339
298930327 -3708 5136 21008 -522 578 1060
298980361 -1040 740 19196 244 610 646
299030403 -5832 2532 16580 -407 -875 -77
299080443 1084 936 16780 338 506 -623
299130480 1920 -2548 16840 -285 416 -662
299180515 1680 -1776 11032 -310 -145 -352
299230560 -872 3512 14616 -526 452 -368
299280627 248 828 15408 253 -160 180
299330691 -2780 2212 15772 -763 -471 121
299380743 -1248 -28 17740 -47 -71 372
299432586 -2096 880 17032 -406 842 231
299482623 4564 -1544 16500 156 798 -36
299532670 -1084 364 15336 -476 -506 -153
299582697 -3160 1092 18796 -625 -116 -665
299632740 2536 28 16920 54 967 -353
299682780 1504 216 15708 -20 912 -464
299732819 -1356 972 14760 -587 247 -559
299782851 -768 16 17324 -355 683 -14
299832891 -2180 -940 19272 -280 -348 -139
299882928 1980 188 16436 -615 -2199 147
299932970 -3600 4580 17784 100 292 788
299983015 428 -1748 19508 -369 81 516
300033056 -2552 472 14540 -564 1759 48
300083096 -2540 -360 18028 -850 214 313
300133137 -992 1052 16760 -1075 -481 -525
300183175 -1244 -1552 15236 -344 -580 -332
300233208 1352 1800 15948 -208 62 -3
300283237 1636 872 16412 -1 323 -63
300333280 1132 396 15256 -322 49 213
300383318 492 56 17988 -201 291 349
300433352 -2956 -632 17180 -767 246 472
300483399 -3708 1160 17392 -281 -788 -71
300533425 2064 -1920 16472 -590 1042 181
300583473 2176 -1364 15264 422 649 237
300633513 220 -556 17124 -266 -140 -12
300683644 -352 -3580 20716 -558 142 -543
300733671 -1252 1252 15448 -627 127 -690
300783713 -604 -32 15560 81 243 26
300833743 300 -996 17324 -402 712 -983
300883788 916 -616 19820 265 539 -844
300933827 1216 1252 12136 459 4714 -16630
300983853 244 -1292 15124 1286 -4607 -21898
301033902 -76 6540 18932 568 2051 -17421
301083936 1520 -2864 12888 -311 679 -16228
301133981 460 -76 19040 -351 -260 -14486
301184028 -96 1312 14908 262 630 -13210
301234062 -1256 -580 17148 67 -480 -13545
301284110 268 584 16564 -476 -904 -11404
301334138 432 -1156 15288 445 298 -11329
301384181 -1860 -1280 16952 -318 184 -11599
301434213 1772 -2292 18204 -377 -97 -12238
301484248 976 1920 16344 218 35 -12813
301534289 552 -2708 16944 -1 792 -3500
301584319 868 -660 15852 -159 -9 144
301634370 976 292 15988 -146 -437 41
301684445 1692 -1384 15384 -353 144 589
301734476 656 -540 15132 -627 -302 569
301784518 1164 1076 13396 -159 -92 -17
301834547 220 -880 17088 -381 816 264
301884593 536 -1656 17832 -336 155 914
301934625 -1388 -508 15460 -246 207 692
301984654 -456 -380 17504 -607 718 344
302034698 496 180 15868 298 279 1088
302084728 -12 960 16652 -316 396 1171
302134754 -1468 -776 15528 -542 247 293
302184795 -968 1064 16116 -552 -862 234
302234843 -2268 376 16604 -1170 28 18
302284879 1892 1740 17348 78 -694 -383
302334926 -792 -108 18472 -96 695 1318
302384927 -1128 1456 16460 -1007 258 211
302434967 6204 1060 9768 -184 -353 -362
302485009 3764 -2528 15948 -330 722 490
302535070 -10292 3004 14620 -71 894 591
302585116 3432 -168 16072 513 560 789
302635258 1452 -1396 14764 -397 40 1131
302685297 896 -576 16144 -702 -227 468
302735355 -24 680 15032 -376 -835 39
302785401 4012 -2024 15452 -217 130 -601
302835440 2488 -932 15484 514 -63 -472
302885472 636 -2536 21740 -203 607 -530
302935517 72 404 16300 -727 331 -135
302985545 -1876 -524 15992 -237 -420 -257
303035574 -3868 -2212 17708 -84 -154 23
303085623 -1348 -364 14972 -656 1186 361
303135679 -1740 712 18024 138 -262 -19
303185723 820 -288 14852 -1007 -138 -29
303235767 -3220 -212 18432 1 583 -885
303285804 -2924 -560 17672 -711 -71 -217
303335853 940 -596 16128 -226 -307 -826
303385887 1048 2740 14724 -218 -348 -178
303435923 -1912 1112 17220 -348 692 -695
303485952 -1992 460 15436 -371 573 -402
303535985 -2756 -408 16600 -4 -277 -167
303586011 -184 -1112 18060 98 741 720
303636096 196 -964 17108 706 541 1002
303686145 -788 580 15664 295 288 1328
303736177 -3740 3952 16240 -704 -143 586
303786208 -760 -712 16392 -718 -294 -71
303836256 -424 -856 19232 -75 1342 237
303886306 852 -1232 16808 -82 -395 -174
303936354 -568 1488 13472 19 -215 -447
303986393 1840 -952 17724 -132 213 -444
304036438 1340 -164 17496 -103 555 185
304086483 292 -1876 16556 -100 75 700
304136530 -196 1072 14984 -69 463 644
304186579 -1184 1792 18820 247 397 913
304236622 804 24 17748 -28 -13 848
304286665 20 1268 14900 -615 -81 -89
304336713 56 2440 16036 -703 -1298 -653
304386758 1436 -464 15388 -774 252 -502
304436803 -3552 1076 14880 -596 -499 -1042
304486852 776 2152 14520 -237 -498 -583
304536885 -900 -692 19524 -418 -245 -450
304586931 1656 -804 14760 159 -199 84
304636958 -1792 1012 16168 68 -422 609
304687003 1536 -444 18388 -577 951 864
304737033 -3244 2232 13248 634 4256 -14366
304787083 624 -652 14340 307 -4055 -22502
304837116 140 3592 15860 506 1856 -17672
304887147 -3060 1368 16692 -411 -51 -15032
304937202 -1708 -216 18148 146 1130 -13397
304987229 968 12 15436 132 655 -13798
305037265 -1112 -1264 16208 119 -186 -12978
305087301 16 640 16896 307 29 -12582
305137347 196 -1460 15224 -567 -398 -11133
305187392 972 720 18068 -32 -737 -10464
305237422 -864 92 16172 203 -169 -11419
305287474 444 424 16692 -129 -180 -10563
305337507 1404 -1516 16784 -121 839 -3437
305387544 3080 1944 15404 -360 189 -250
305437578 1488 -1088 17684 -498 -558 -570
305487606 580 752 14172 35 -169 -127
305537635 2024 784 13088 -62 -243 -63
305587687 -5716 1652 11584 -660 125 317
305637784 -2356 1516 15936 165 -143 436
305687816 -1880 2416 14344 -541 -481 788
305737866 -976 1348 16552 -160 342 632
305787896 -152 -936 14272 -999 -684 -6
305837936 6996 -2132 16016 -295 -864 -254
305887964 -1336 3464 16620 -100 -122 548
305937995 -2292 1656 17948 51 -440 189
305988025 2360 -1140 11156 558 493 646
306038072 -6052 392 14892 -598 -419 795
306088124 4696 -3096 15892 -356 -85 1307
306138159 -3076 -3108 19512 -592 408 1368
306188178 1996 -1228 18016 570 398 1786
306238226 1588 2844 12040 168 -11 2384
306288266 1224 -628 16824 -102 -396 2574
306338295 4496 876 14424 -961 -446 2351
306388343 -2616 240 14856 -339 -266 1689
306438370 548 512 17248 -120 123 1410
306490209 -744 -104 18356 -936 222 1236
306540245 -1440 -60 18212 -226 -171 985
306590285 -1004 -1312 16068 -249 452 2111
306640331 -944 -336 15816 -643 353 2272
306690371 -944 3524 16780 254 735 1932
306740402 -11216 2616 17236 -257 -1297 1179
306790428 -3560 2664 14416 -1274 -1529 657
306840474 -1176 -716 16440 -567 358 432
306890516 3420 -652 11896 -328 -853 -147
306940575 1216 2112 20300 -421 2080 551
306990605 -48 -1012 16304 -120 1135 -27
307040637 -172 372 16388 26 329 13
307090678 200 -1044 17188 -78 235 559
307140725 -3344 220 18068 -213 8 866
307190769 -396 -1060 16500 -36 55 294
307240817 940 -2020 16520 -134 992 739
307290866 -1540 -1016 16416 -477 13 588
307340917 2004 344 16776 -325 -416 866
307390955 284 868 15488 -41 228 562
307440995 508 -968 17552 -140 -26 220
307491043 552 -832 15980 -816 119 407
307541069 -1792 -256 18044 -461 -53 -136
307591103 216 -1492 15464 400 981 566
307641135 1764 136 10640 -601 -1467 237
307691243 -1012 -16 16668 -17 -291 826
307741293 -272 1040 17284 -68 126 -1132
307791321 3272 -920 11872 -101 523 -2760
307841351 1504 -1068 12640 140 444 -3664
307891388 -1728 -876 21112 -650 -7 -3510
307941433 -7660 4488 14368 -551 1372 -4814
307991466 -7056 1120 18404 -1443 28 -3323
308041501 -1880 -1648 17032 -984 519 -1311
308091538 -2632 -840 16080 -701 356 -62
308141575 -384 -100 18440 -478 852 229
308191615 2288 -1552 15272 -19 -241 44
308241646 -1272 -552 15088 -458 688 1081
308291683 1668 -2188 18800 381 1759 446
308341735 4772 -704 15860 246 156 167
308391766 460 -872 15560 317 432 537
308441793 -1768 -828 17284 506 671 1154
308491846 -3024 316 16704 -1083 113 1025
308541873 896 -1016 16400 -104 182 338
308591923 780 540 16352 -322 -319 208
308641952 572 -1840 17540 -409 291 324
308692099 720 -1080 17128 201 1229 453
308742132 -280 688 14904 45 -28 63
308792189 1668 -648 16068 -329 255 197
308842225 640 -68 17632 -487 77 490
308892263 -2344 1416 14532 -736 -359 109
308942289 -2212 -1316 15616 -151 604 501
308992337 -680 212 16588 259 -71 530
309042382 956 -700 18640 -878 433 758
309092430 -2276 -436 16224 -487 -477 838
309142467 -472 -580 17564 -500 763 462
309192517 -3020 2288 15532 -685 -133 576
309242555 468 656 16240 33 789 204
309292602 300 -1720 17784 -25 49 -286
309342690 -332 4112 17440 653 1827 -612
309392720 2612 -144 16508 -301 1221 -650
309442751 -4900 756 16212 -812 464 -253
309492895 -2924 -788 16064 -122 255 -356
309542927 -1760 -628 17056 -148 -130 438
309592968 1468 -424 17072 -7 -215 48
309643001 -912 708 14748 -1157 -840 -109
309693034 -3252 2788 15292 -460 -423 -1062
309743063 -4412 2548 22096 -564 -397 -511
309793089 -968 96 17156 -262 1117 -996
309843125 84 176 14960 393 -112 -403
309893168 -2028 692 18900 -66 -164 -567
309943205 2236 1140 14980 -995 265 -1114
309993233 -712 644 15828 -13 694 -674
310043280 -2396 1372 17008 27 609 -31
310093327 -1504 1216 16064 -547 -559 -372
310143376 -5776 6400 14228 796 3634 -12912
310193404 1328 1868 12776 501 -4177 -22475
310243441 744 744 7832 958 117 -18731
310293498 4236 -2876 11348 1028 602 -15849
310343537 -1056 -1740 17700 -414 874 -15147
310393585 -264 420 17596 11 181 -14332
310443701 848 748 15408 250 92 -12435
310493729 2320 748 15304 265 68 -11555
310543768 -1668 1096 16576 -258 38 -11868
310593806 -2476 284 16372 -450 -383 -11005
310643853 824 -476 15760 235 -243 -9906
310693902 1564 164 16304 -218 -91 -9400
310743938 40 -688 16548 -97 241 -1808
310793973 -1840 636 15800 -46 563 -127
310844016 956 524 16852 -401 265 -239
310894058 172 -1384 16056 -386 379 205
310944091 1864 -72 15436 165 -878 1188
310994130 864 -2200 14684 -59 -31 960
311044174 -1708 -284 20836 -792 -168 590
311094213 -2532 3632 15584 -972 -542 163
311144245 -568 1348 16376 -154 -403 555
311194309 -2440 -44 16668 -677 -40 266
311244351 -1412 -632 16100 -109 605 933
311294382 -4224 432 16400 73 1013 866
311344417 2552 -432 19012 -621 825 562
311394464 -1120 732 18284 122 -290 478
311444554 1044 -180 13944 191 -233 279
311494588 -3144 2100 16956 -343 664 223
311544616 -868 3296 16304 -352 1068 1924
311594666 -2960 588 17312 -676 -618 725
311644691 5868 -2692 13064 -85 -2 740
311694727 132 1792 14556 -1041 -20 410
311744772 -444 1040 13352 -367 -581 327
311794815 3680 -7576 22532 -2209 -575 -2309
311844862 8664 -8428 12840 -668 1212 -737
311894891 996 -708 15868 -88 -961 -326
311944938 632 580 14680 -9 -457 -279
311994983 456 -1360 15964 267 71 91
312045018 32 836 16088 -68 640 289
312095061 -1908 1452 13516 -271 -256 309
312145124 -28 1528 16176 498 698 190
312195160 1120 684 15276 55 697 -96
312245208 -200 236 19672 -583 587 634
312295236 -496 -556 17600 368 136 281
312345266 564 472 14752 -854 -1422 378
312395315 -2156 44 16500 88 -196 -179
312445374 -744 -832 17060 196 344 31
312495423 200 -844 15292 -944 30 454
312545472 -1132 908 14972 745 -1064 491
312595520 -688 -2740 16456 -602 -209 1406
312645553 -1448 1588 15096 -352 951 830
312695601 -1448 -204 15184 -162 420 579
312745649 -684 -400 14984 -526 26 716
312795686 -116 1804 16044 -646 115 376
312845724 136 3540 15320 -526 1038 -1476
312895761 -2840 3952 15556 950 2219 -681
312945789 -988 2244 17584 -1200 -698 -1343
312995818 -5324 -824 17640 -847 -1134 -532
313045852 3540 1724 15272 -377 -1282 1010
313095925 1912 -1144 16392 218 -208 -268
313145956 -12 276 13888 -427 -378 -359
313195986 -320 -336 15956 -100 336 -204
313246026 2172 252 18172 230 974 19
313296067 1952 536 15184 -838 -1100 274
313346139 1032 -952 17596 -318 -98 305
313396174 1432 -232 15764 -461 -315 -459
313446215 -1640 232 16452 108 -134 -619
313496265 344 -284 16836 -597 381 -208
313547832 -4908 264 21572 -155 643 -679
313597869 -2688 484 15892 -316 -1426 -94
313647904 1896 2124 16400 -158 -448 -697
313697954 -464 160 16956 366 -281 -197
313748103 2312 1248 13840 -501 -1058 -32
313798151 -580 424 17228 -193 515 -133
313848199 92 -108 16528 58 663 206
313898230 1200 1380 16272 -1027 -224 183
313948258 -10020 6464 19916 177 5621 -12292
313998295 -416 -68 13836 1341 -2144 -20185
314048321 -5632 -336 17112 -59 1888 -16116
314098371 608 -2308 21772 240 -170 -17902
314148402 -928 4052 17604 523 -963 -16479
314198446 -340 -288 15108 459 -283 -15162
314248488 -4 656 16052 -477 -1182 -13536
314298526 -244 820 15472 -460 152 -11369
314348558 -768 880 17008 35 305 -11200
314398597 -120 -152 15668 228 -113 -12396
314448657 -752 260 16148 -102 284 -11442
314498702 -320 1476 15932 284 354 -10514
314548731 1104 -7500 16608 -102 -21 -4489
314598771 -1128 1212 16552 -357 -100 174
314648799 376 1060 16036 193 405 -176
314698845 1064 968 15140 -254 140 -194
314748903 2576 -640 15888 -366 384 -386
314798933 -3192 -864 18692 -796 608 -654
314848963 808 740 16508 -529 -308 -1269
314898997 -988 756 16292 -767 -329 -1041
314949041 -832 880 17116 -493 -97 -587
314999077 -4464 812 17192 -207 209 -306
315049105 580 516 15384 -227 779 -799
315099137 4200 320 16544 -307 349 -904
315149166 -4348 -280 17556 -559 236 47
315199207 436 -524 16772 -737 -137 -130
315249237 1108 2360 15908 -76 171 -264
315299271 -5988 1604 17356 -674 -185 17
315349318 340 -1232 20156 778 1806 362
315399349 944 -1456 17180 -902 299 637
315449386 460 580 12632 -90 -631 -121
315499414 1748 -396 19736 -259 103 197
315549464 -2144 -24 14564 -281 -163 763
315599491 2892 -464 18108 -527 900 788
315649518 6324 996 9540 -204 -1208 230
315699553 2920 -4120 16260 -370 298 1067
315749697 5532 -7492 18752 332 426 1349
315799739 8400 -7532 16384 -422 -82 772
315849775 -2324 -292 17444 -1160 852 455
315899804 -2444 392 21300 -1074 101 -206
315949834 -1008 -6776 24948 -164 2399 -1583
315999882 -1980 -2860 16888 -455 296 -1009
316049919 -2228 -1792 17772 -52 -273 50
316099946 3968 1244 16752 150 324 -91
316149988 -5096 872 18444 -273 414 -365
316200019 -2604 -428 20856 157 756 79
316250053 3024 -1544 19172 -340 819 295
316300092 1024 -844 16308 178 403 154
316350134 1704 -336 14640 418 54 633
316400160 -1356 -256 18572 -53 580 1428
316450189 -624 588 14916 -787 -65 -170
316500254 -268 1024 19376 -358 84 -260
316550289 248 -2072 24232 107 1057 -86
316600329 -1760 640 16428 383 247 512
316650377 -948 412 16472 -814 -306 -586
316700420 3116 -1728 20244 385 354 -698
316750478 4392 -2288 15764 361 585 -352
316800528 172 -1556 14000 -414 -148 -812
316850558 -1392 3944 16528 -444 -624 -857
316900593 -752 -1672 22128 167 822 -293
316950631 -2088 128 15640 -759 -470 -112
317000677 -2180 -3748 18524 -246 13 1019
317050720 -776 4404 16436 -888 -1242 446
317100761 3120 -44 11380 -187 -1780 -497
317150789 -204 -1776 15396 9 410 103
317200829 1932 1220 11472 -203 -138 -100
317250869 -2048 848 18956 -270 353 -525
317300911 2968 -2040 14680 -651 152 -194
317350960 -1408 708 15772 -657 365 -1305
317400992 1280 704 17488 -227 5 -1332
317451036 1660 -1140 17020 -222 10 -1059
317501088 -1456 -136 15596 -40 105 -1739
317551118 880 -436 13532 -501 -836 -1238
317601148 -204 1668 17828 -599 -522 -1723
317651193 -1328 -1272 17468 -169 146 -1638
317701228 -520 -644 16888 -401 -144 -1164
317751296 -2968 40 18092 226 735 -1300
317801334 -1420 612 16692 -244 198 -827
317851373 -2788 1960 16564 -434 54 -853
317901400 -2868 744 16208 -234 -1295 -1011
317951448 -1416 -396 17800 -313 -362 -643
318001475 -8 1504 17412 -7 956 -866
318051516 -444 -160 15308 -508 99 -476
318101567 -5360 1136 16580 -479 319 -454
318151602 1120 1920 19012 316 -1492 67
318201628 136 -360 17288 -1336 -872 -100
318251687 -5412 1824 16804 -730 -1502 -110
318301735 -100 -2944 15424 -288 75 209
318351773 -3348 -652 13468 -1223 -709 233
318401815 -676 1148 16968 -159 326 -193
318451844 -2764 -88 17548 23 -437 -211
318501897 1564 188 15024 -361 -196 270
318551950 1604 -876 15220 -388 479 -196
318601992 1528 -380 17188 -146 421 -20
318652035 -5288 1392 17852 -184 1249 140
318702076 -1088 288 15328 -513 35 -107
318752199 5468 -2596 16276 -499 372 -362
318802230 1756 -992 21760 -130 987 -706
318852259 -4100 1020 17040 -1026 147 -970
318902304 -5588 -1040 20964 -807 509 -671
318952342 -1348 2288 16928 64 789 -941
319002402 544 -848 31816 665 1726 19
319052446 -648 1908 18444 -680 -584 82
319102487 -352 3324 16532 -204 188 -1070
319152525 -4768 -1080 16192 -727 353 -1107
319202551 -1516 1028 18200 143 918 278
319252578 -2744 1300 17180 -937 -244 -339
319302609 -432 -456 15388 -812 -440 -219
319352645 -9624 7720 20916 575 2898 -6666
319402715 -1748 1320 11976 -196 -650 -19131
319452761 -4432 528 16824 -89 888 -17534
319502801 1228 -4684 15984 -365 -846 -17401
319552835 912 292 19208 -299 -538 -16994
319602837 816 -2268 12504 -151 -236 -14593
319652866 1696 4 15976 34 136 -13436
319702903 -1580 1884 19380 608 928 -12574
319752946 40 -896 14164 228 147 -11438
319802980 516 764 17752 -144 192 -11099
319853027 -192 1736 15624 108 412 -9766
319903061 -728 600 16320 -347 -15 -9114
319953105 2724 -3168 16308 -328 -1457 -5198
320003118 592 1860 16240 -436 -351 -361
320053166 1044 1092 15484 171 267 -576
320103206 1052 -940 15320 -570 -176 -369
320153233 -1392 344 15864 -733 -420 -934
320203281 -200 1084 17484 -230 155 -858
320253331 3068 432 16972 -14 -146 -639
320303371 -908 948 15428 -426 140 -714
320353408 1024 -2564 15188 188 -63 -27
320403440 -736 1080 16232 -607 -86 45
320453489 -360 2360 14780 -612 -57 -1192
320503538 2656 -1148 15884 -210 262 -688
320553581 924 -300 16708 160 -312 -593
320605454 -696 -528 18596 -823 -20 -893
320655503 844 -464 17980 55 763 -285
320705535 -2552 620 16416 -532 -380 -525
320755581 -712 432 16684 97 296 -420
320805629 -2336 -96 16640 -124 136 93
320855659 1032 176 16176 -203 587 25
320905736 748 -880 18400 -615 -230 -196
320955786 -4600 -1768 18532 -621 -482 113
321005827 -1280 92 14428 -36 289 503
321055874 168 -764 17700 -133 132 -313
321105916 -356 900 16232 -576 96 304
321155946 2380 576 19152 -226 533 457
321205986 -6092 1764 26292 280 160 -79
321256028 3044 -552 16304 -153 343 357
321306058 -884 -1168 17764 104 528 229
321356095 -908 -1844 19000 -748 36 12
321406121 -3412 3352 15708 -1282 -304 379
321456157 1004 -508 17884 -120 453 326
321506186 -3632 1028 16776 -619 352 47
321556218 -1908 3352 15132 83 757 369
321606272 -2308 1000 16520 -945 -79 -249
321656312 1080 1636 16496 -666 -54 98
321706352 -3016 4420 18000 -995 -2636 267
321756518 260 288 16332 1005 -912 -169
321806544 -1560 152 15908 -156 39 880
321856571 2520 -608 15448 -645 678 846
321906600 2140 -3856 18492 -3 -161 143
321956640 -4144 788 16520 -678 -513 -413
322006677 1300 2456 14768 -600 -753 23
322056711 -3264 1144 16892 151 -117 -77
322106741 3472 -516 21156 150 677 728
322156778 -152 1712 17496 -40 -57 195
322206820 -1404 88 16512 -175 -1012 -29
322256856 -1568 -1028 15352 -1096 -165 240
322306886 -2008 -1480 23996 455 627 -435
322356929 -356 -288 16848 115 321 619
322406957 -2816 528 18288 -1056 475 158
322456989 612 -512 17548 -599 -369 -262
322507023 -4064 1800 17296 -353 -237 -279
322557087 4140 820 13496 -552 -410 -987
322607125 -1372 328 17628 143 -244 44
322657159 -1368 200 17536 -771 233 768
322707195 -836 1520 14916 -40 -454 -279
322757240 -1532 -1340 17784 -301 -270 722
322807273 -4340 -908 18352 -564 1081 41
322857321 5908 -1900 13628 468 560 -335
322907365 -3176 112 17716 340 1103 47
322957396 164 -272 16976 -373 213 24
323007426 1756 2580 17224 -150 -573 146
323057464 708 -112 17264 -89 -7 -640
323107501 984 -656 15576 -451 -212 138
323157532 -10684 7508 21596 264 1604 -3292
323207562 44 -60 12208 -230 -1311 -18330
323257594 -3024 4376 20456 432 1971 -17393
323307640 3948 -3516 18052 -1001 -566 -17385
323357678 -744 408 16960 -487 -726 -15297
323407710 -768 272 17768 -111 548 -14654
323457743 1004 -2032 15508 96 -3 -15157
323507782 1384 -508 15356 199 -278 -13095
323557825 -2012 -700 17596 275 42 -12144
323607882 -216 508 16456 -311 -320 -11384
323657921 84 560 16524 238 84 -11369
323707969 784 -1292 17408 -164 341 -10779
323758005 2856 -2296 15432 -581 -782 -7865
323808037 1940 -1396 16184 -178 243 361
323858086 -536 -280 16988 -949 -214 -908
323908135 2044 -700 16320 -622 127 -752
323958171 -972 952 16448 -597 4 -765
324008212 448 -604 17440 -639 -263 -561
324058247 -2460 1152 14860 -448 -523 -259
324108294 3684 -1684 7068 -486 -526 -2302
324158343 -3244 3324 17952 -414 -535 -903
324208372 1552 1388 13416 97 178 -305
324258410 -1528 364 20256 -546 1557 -182
324308442 -2444 2540 16188 -304 -238 -192
324358476 -1960 -508 14416 -189 100 -394
324408529 -1756 220 16652 456 608 232
324458562 -3364 1568 18072 -286 909 261
324508597 3204 -40 15916 -603 -1141 -430
324558626 -808 36 16512 -129 289 15
324608674 3596 1344 10268 -497 -1109 -113
324658726 2780 -644 16644 -181 -203 206
324708772 1940 708 13124 -259 -592 -22
324758812 -1068 228 16744 -999 420 718
324808855 -928 -1384 16548 -337 -88 -84
324858900 92 -604 15964 89 -42 361
324908928 -6468 784 21624 -514 599 748
324958969 -1660 -220 13500 30 -97 993
325009014 -1600 1396 12504 -526 -411 1603
325059057 -608 1760 15260 -57 -840 861
325109102 -812 544 16596 -436 -40 440
325159131 2176 -84 15816 -833 -384 512
325209171 -264 880 16252 -153 26 423
325259203 -1560 1236 16464 -316 146 1280
325309251 764 -1004 16140 158 528 1682
325359290 -696 368 17688 143 647 908
325409319 -60 -716 17112 -344 711 375
325459356 -5164 -988 16232 -218 408 986
325509404 -772 1388 10944 -299 115 536
325559452 2464 -1048 16384 -172 -81 495
325609507 212 -1088 16396 421 433 692
325659534 -836 2200 15580 -1192 -433 552
325709580 1428 300 15364 -698 -52 -429
325759620 236 884 17824 -172 -59 -554
325809649 2224 -16 17620 -338 329 519
325859686 -1996 2960 15576 -6 144 951
325909733 -504 -504 15452 248 372 1260
325959794 -3704 288 18844 -1017 806 950
326009837 -496 -580 17340 -597 525 542
326059876 1736 -888 16788 231 463 387
326109904 448 -1028 17852 -62 699 741
326159943 1944 1080 14176 -180 -201 851
326209972 1248 1560 15384 -617 -1305 705
326260018 2616 -2096 19284 -126 778 30
326310058 -388 -600 17632 -631 241 -1
326360093 -1396 -616 15844 -394 -403 448
326410123 -324 156 17572 -438 459 718
326460162 -1520 -424 17244 148 462 830
326510197 -3560 1524 17168 -432 434 1127
326560245 436 1732 16584 64 877 512
326610297 -2436 -316 16996 -171 -128 606
326660331 -1680 304 18004 -679 335 132
326710381 -1536 -1096 15588 -93 807 949
326760407 928 -1000 14620 -505 -247 536
326810492 -1600 912 15724 -822 -395 -759
326860524 6864 -1028 20152 771 1841 100
326910562 2428 1800 16056 -161 -619 100
326960611 -524 636 17832 -478 -391 242
327010637 -1008 1324 16692 -89 56 53
327060686 200 -2740 16408 -473 646 511
327110720 156 2480 11808 -269 -806 237
327160753 900 860 16580 76 849 319
327210783 -1692 1748 17588 418 474 -172
327260834 -1708 -268 15852 -1159 -562 644
327310872 1492 1020 16208 -365 364 -763
327360910 2280 -244 16540 -313 -66 -456
327410943 -796 892 12644 -407 -892 108
327461002 924 348 15756 -56 111 163
327511029 -36 -548 14616 45 -328 986
327561073 -124 620 15508 -598 -407 373
327611103 3080 -1096 18144 51 -186 508
327663077 2364 -1080 15880 449 1051 38
327713121 -1424 1464 18412 451 220 299
327763167 -700 1900 18324 -304 99 408
327813196 1232 348 16932 -972 -39 -340
327863235 1056 468 15584 -570 -95 -504
327913376 -856 -176 20376 -456 850 83
327963420 3424 -1184 12304 -406 1156 -951
328013452 1392 -2860 20768 711 487 -8
328063495 -528 -212 15400 -771 1083 211
328113529 2924 -1712 19496 3 1244 406
328163559 -1200 1928 16168 -408 825 298
328213593 272 608 13920 -471 -388 -186
328263620 196 2232 16064 135 -45 359
328313659 32 -740 15888 -720 -143 -358
328363707 -608 1664 17084 -651 47 -976
328413738 -1912 772 12876 -302 -664 -511
328463768 856 -656 16160 -230 21 448
328513816 -8488 1544 16620 -336 -175 125
328563848 -4628 3760 18484 102 344 195
328613898 -224 -1232 15512 -73 -293 -19938
328663944 -3068 -1928 13904 307 418 -17267
328713988 736 -1760 18024 -355 -220 -17142
328764017 -44 -112 16764 -197 -309 -14878
328814065 -312 748 15608 185 -46 -13027
328864118 -2108 3540 19112 137 647 -10179
328914164 -1284 1240 16892 169 453 -10518
328964191 1096 628 16608 -67 3 -9945
