250521 149128
250525 149122
250533 149114
250544 149106
250553 149098
250561 149090
250570 149080
250577 149069
250580 149063
250586 149068
250595 149080
250611 149097
250633 149120
250659 149146
250691 149174
250727 149209
250766 149246
250805 149284
250845 149324
250885 149364
250927 149404
250969 149443
251011 149482
251052 149520
251093 149560
251135 149599
251177 149638
251219 149678
251263 149719
251305 149760
251349 149800
251391 149839
251433 149878
251477 149920
251521 149960
251564 149998
251607 150038
251648 150077
251691 150118
251733 150159
251773 150200
251815 150243
251856 150284
251897 150323
251941 150363
251983 150402
252025 150442
252069 150482
252111 150522
252155 150562
252197 150602
252238 150644
252279 150687
252321 150729
252363 150768
252409 150808
252452 150847
252495 150886
252539 150926
252581 150965
252623 150991
252665 150993
252709 150986
252741 150972
252766 150956
252787 150940
252807 150924
252827 150908
252845 150894
252864 150878
252879 150863
252894 150847
252911 150830
252927 150814
252945 150798
252962 150795
252975 150807
252997 150826
253021 150850
253051 150878
253087 150909
253123 150944
253161 150980
253202 151020
253243 151059
253285 151100
253329 151142
253373 151185
253420 151228
253467 151270
253511 151313
253558 151356
253604 151398
253653 151442
253702 151489
253746 151533
253793 151582
253842 151630
253891 151678
253941 151726
253991 151771
254041 151817
254091 151865
254139 151912
254188 151960
254237 152008
254284 152053
254333 152100
254383 152148
254433 152194
254483 152240
254533 152286
254581 152332
254631 152378
254677 152424
254723 152469
254771 152514
254817 152558
254864 152604
254910 152648
254955 152690
255002 152732
255047 152773
255093 152816
255139 152859
255182 152902
255227 152944
255273 152990
255319 153034
255367 153082
255415 153128
255463 153172
255513 153216
255560 153261
255606 153304
255653 153349
255697 153392
255743 153435
255788 153480
255833 153524
255880 153570
255926 153614
255974 153656
256023 153698
256067 153740
256111 153781
256155 153824
256200 153866
256245 153908
256291 153952
256337 153996
256382 154028
256425 154032
256477 154028
256510 154015
256539 154000
256559 153985
256577 153971
256592 153958
256607 153945
256623 153932
256637 153920
256653 153906
256670 153892
256684 153876
256699 153862
256713 153858
256727 153868
256749 153888
256777 153914
256807 153942
256843 153976
256880 154014
256922 154054
256967 154096
257010 154137
257055 154178
257099 154222
257143 154264
257189 154308
257234 154350
257280 154392
257327 154436
257373 154480
257421 154526
257472 154572
257521 154618
257572 154664
257621 154709
257669 154754
257721 154802
257771 154848
257820 154894
257870 154941
257920 154990
257971 155041
258024 155092
258073 155138
258125 155186
258176 155234
258226 155280
258275 155326
258324 155372
258373 155418
258423 155464
258470 155509
258518 155552
258565 155596
258611 155637
258657 155679
258703 155720
258747 155762
258793 155804
258838 155846
258882 155887
258925 155930
258967 155972
259009 156012
259053 156044
259093 156045
259143 156042
259177 156028
259204 156011
259229 155994
259251 155973
259269 155954
259288 155934
259305 155915
259319 155898
259333 155884
259343 155870
259355 155857
259368 155855
259377 155869
259395 155888
259420 155912
259449 155941
259483 155974
259519 156008
259557 156044
259599 156081
259640 156120
259683 156160
259727 156201
259773 156242
259820 156286
259867 156330
259913 156376
259962 156424
260011 156471
260062 156518
260113 156564
260162 156610
260211 156656
260261 156702
260311 156747
260360 156793
260407 156838
260452 156883
260501 156930
260551 156974
260600 157018
260649 157064
260697 157106
260747 157150
260794 157197
260839 157244
260885 157290
260932 157336
260979 157384
261028 157431
261077 157476
261125 157521
261175 157566
261223 157612
261273 157656
261324 157701
261371 157746
261418 157792
261466 157838
261514 157883
261563 157928
261611 157970
261657 158012
261705 158054
261752 158096
261799 158140
261847 158186
261893 158230
261939 158273
261985 158318
262031 158364
262079 158410
262124 158450
262169 158491
262213 158533
262255 158572
262298 158614
262341 158654
262381 158693
262423 158732
262465 158773
262507 158814
262551 158856
262594 158896
262637 158934
262679 158973
262720 159011
262760 159049
262799 159082
262837 159086
262880 159080
262911 159070
262931 159054
262951 159039
262968 159024
262982 159009
262996 158995
263005 158980
263012 158962
263020 158947
263026 158932
263035 158920
263043 158909
263049 158896
263059 158882
263069 158868
263080 158852
263093 158837
263105 158822
263116 158806
263129 158788
263139 158772
263147 158756
263157 158742
263165 158730
263175 158718
263185 158709
263194 158700
263206 158691
263217 158704
263233 158720
263256 158744
263283 158772
263314 158805
263350 158841
263387 158878
263427 158917
263468 158958
263509 158999
263553 159042
263597 159084
263641 159128
263688 159173
263733 159218
263779 159264
263826 159312
263873 159356
263921 159401
263968 159446
264015 159490
264062 159534
264109 159578
264157 159622
264203 159666
264248 159710
264291 159754
264337 159798
264380 159840
264425 159882
264470 159925
264515 159967
264562 160011
264609 160057
264657 160104
264705 160154
264749 160200
264794 160244
264843 160290
264891 160335
264939 160380
264985 160426
265032 160470
265079 160516
265125 160561
265169 160605
265214 160649
265258 160692
265304 160738
265349 160782
265395 160824
265440 160867
265480 160872
265529 160872
265567 160861
265597 160846
265620 160830
265641 160814
265657 160798
265672 160782
265687 160766
265701 160749
265715 160732
265731 160715
265745 160730
265762 160744
265784 160765
265811 160789
265845 160819
265880 160851
265917 160886
265955 160923
265994 160960
266035 161000
266079 161043
266121 161084
266164 161128
266208 161172
266254 161215
266300 161258
266347 161302
266393 161344
266441 161386
266488 161427
266535 161469
266582 161513
266628 161556
266674 161600
266721 161646
266768 161692
266817 161740
266866 161785
266913 161828
266960 161872
267007 161916
267053 161959
267101 162004
267147 162048
267195 162093
267245 162140
267294 162186
267343 162231
267392 162274
267439 162317
267485 162362
267528 162404
267570 162446
267617 162490
267660 162531
267703 162572
267746 162614
267790 162656
267835 162699
267877 162740
267919 162781
267963 162823
268006 162866
268051 162912
268100 162959
268151 163007
268202 163056
268253 163107
268303 163156
268353 163202
268405 163248
268453 163294
268499 163339
268543 163382
268589 163426
268635 163471
268682 163514
268728 163558
268775 163602
268820 163645
268868 163688
268915 163731
268957 163773
268999 163816
269041 163859
269085 163901
269125 163908
269173 163908
269212 163893
269241 163875
269264 163856
269285 163839
269305 163823
269321 163808
269339 163794
269357 163781
269376 163766
269397 163752
269418 163760
269441 163774
269467 163797
269496 163824
269529 163854
269567 163888
269606 163924
269648 163961
269691 164000
269735 164042
269783 164086
269829 164126
269875 164168
269921 164210
269965 164254
270009 164298
270055 164341
270099 164384
270145 164428
270189 164472
270233 164517
270279 164562
270323 164606
270367 164650
270411 164692
270453 164734
270497 164775
270543 164816
270588 164858
270637 164902
270683 164945
270728 164988
270777 165032
270827 165077
270876 165122
270926 165166
270973 165210
271021 165255
271071 165300
271120 165347
271171 165395
271221 165442
271269 165490
271320 165539
271369 165585
271415 165631
271462 165676
271509 165722
271555 165765
271602 165810
271646 165855
271693 165899
271733 165908
271780 165906
271819 165898
271847 165886
271868 165872
271887 165859
271903 165845
271917 165831
271935 165822
271949 165808
271965 165794
271980 165780
271991 165794
272007 165809
272029 165830
272057 165856
272089 165887
272123 165922
272159 165957
272199 165996
272239 166036
272281 166076
272323 166117
272365 166156
272408 166196
272451 166238
272495 166279
272541 166323
272587 166369
272634 166416
272683 166464
272733 166510
272783 166557
272834 166604
272882 166650
272933 166696
272982 166742
273031 166790
273082 166838
273131 166884
273180 166931
273231 166980
273281 167027
273329 167074
273378 167120
273425 167165
273475 167212
273524 167259
273571 167306
273621 167352
273670 167401
273721 167450
273771 167496
273819 167540
273869 167586
273917 167631
273965 167676
274013 167722
274061 167768
274109 167813
274157 167860
274203 167906
274249 167952
274297 167998
274341 168044
274387 168089
274433 168134
274478 168178
274524 168223
274569 168268
274614 168310
274659 168354
274705 168401
274749 168443
274793 168484
274835 168522
274879 168562
274919 168600
274963 168641
275005 168682
275047 168722
275087 168762
275129 168803
275170 168844
275211 168885
275255 168924
275297 168960
275341 168998
275385 169037
275423 169038
275468 169036
275503 169024
275528 169009
275550 168992
275569 168976
275582 168956
275597 168938
275608 168920
275621 168902
275635 168886
275651 168870
275668 168878
275687 168894
275708 168914
275735 168938
275765 168966
275798 168997
275833 169032
275869 169068
275908 169104
275949 169143
275989 169182
276033 169221
276079 169264
276122 169306
276167 169352
276211 169394
276257 169438
276305 169482
276351 169524
276397 169569
276444 169616
276490 169661
276537 169707
276584 169754
276629 169802
276676 169849
276723 169893
276769 169938
276816 169982
276863 170026
276907 170070
276953 170114
276999 170158
277043 170202
277089 170247
277133 170292
277177 170336
277222 170380
277267 170422
277313 170465
277357 170508
277401 170552
277447 170597
277493 170641
277539 170685
277587 170731
277633 170777
277680 170822
277727 170866
277773 170910
277823 170956
277871 171002
277914 171009
277965 171009
278006 171000
278039 170986
278065 170972
278083 170957
278101 170940
278117 170922
278133 170904
278154 170886
278177 170866
278199 170845
278221 170848
278244 170862
278271 170885
278301 170913
278335 170945
278371 170979
278412 171016
278454 171054
278497 171096
278541 171138
278583 171181
278627 171225
278675 171270
278722 171313
278772 171357
278819 171401
278867 171444
278916 171489
278963 171534
279011 171577
279059 171622
279105 171666
279153 171714
279202 171762
279251 171806
279299 171851
279347 171894
279394 171939
279443 171984
279490 172030
279538 172076
279584 172122
279631 172167
279678 172213
279725 172256
279769 172300
279814 172342
279859 172384
279903 172426
279948 172470
279993 172515
280038 172560
280085 172606
280131 172652
280179 172699
280229 172744
280275 172788
280324 172830
280373 172875
280421 172919
280469 172964
280515 173006
280561 173050
280609 173096
280655 173142
280703 173186
280750 173230
280797 173272
280844 173314
280892 173357
280935 173398
280979 173440
281022 173482
281065 173524
281109 173566
281154 173609
281201 173654
281249 173698
281294 173741
281341 173784
281388 173827
281433 173870
281478 173912
281524 173954
281569 173995
281615 174040
281660 174086
281701 174094
281749 174093
281792 174084
281823 174071
281844 174058
281859 174044
281871 174034
281882 174024
281889 174015
281895 174008
281901 174002
281907 174016
281923 174033
281945 174054
281973 174082
282009 174116
282045 174150
282086 174187
282129 174224
282174 174264
282219 174304
282264 174346
282308 174386
282353 174429
282394 174471
282435 174512
282477 174556
282519 174598
282565 174639
282610 174680
282654 174721
282700 174763
282745 174806
282789 174848
282833 174894
282876 174938
282919 174981
282964 175025
283009 175070
283054 175114
283099 175158
283143 175200
283187 175242
283231 175284
283274 175327
283319 175370
283362 175414
283405 175456
283449 175500
283494 175545
283541 175590
283589 175635
283635 175678
283682 175723
283729 175767
283775 175810
283821 175856
283866 175900
283912 175944
283959 175990
284006 176036
284054 176082
284103 176126
284143 176132
284191 176130
284231 176122
284259 176107
284285 176092
284306 176076
284325 176058
284346 176042
284367 176028
284387 176011
284406 175994
284422 175979
284439 175989
284460 176006
284483 176028
284513 176056
284545 176086
284579 176119
284618 176155
284655 176191
284695 176230
284735 176270
284775 176311
284817 176353
284860 176395
284903 176438
284948 176484
284993 176530
285039 176574
285085 176618
285129 176661
285175 176706
285220 176750
285265 176796
285311 176842
285357 176888
285403 176934
285453 176983
285500 177030
285547 177076
285595 177122
285639 177166
285687 177213
285733 177260
285777 177306
285823 177351
285870 177397
285917 177444
285965 177492
286014 177538
286061 177580
286109 177626
286155 177672
286202 177717
286249 177763
286297 177808
286345 177853
286393 177900
286441 177946
286489 177994
286537 178039
286585 178083
286633 178128
286679 178171
286725 178216
286772 178261
286817 178304
286863 178350
286910 178396
286956 178442
287003 178486
287049 178530
287095 178572
287140 178616
287183 178660
287227 178702
287271 178744
287313 178786
287357 178829
287401 178873
287445 178914
287492 178956
287537 178998
287581 179039
287627 179082
287671 179124
287717 179166
287763 179210
287808 179252
287847 179257
