utime: 8990362088
accel[0, 1, 2]:        396,	852,	17668
gyro[0, 1, 2]:         124,	136,	-3265
utime: 8990412142
accel[0, 1, 2]:        -1284,	52,	16884
gyro[0, 1, 2]:         -563,	266,	-5832
utime: 8990462188
accel[0, 1, 2]:        1648,	2376,	15896
gyro[0, 1, 2]:         413,	777,	-6391
utime: 8990512241
accel[0, 1, 2]:        480,	1008,	16260
gyro[0, 1, 2]:         -392,	-125,	-6785
utime: 8990562287
accel[0, 1, 2]:        84,	204,	16336
gyro[0, 1, 2]:         -101,	-266,	-7214
utime: 8990612335
accel[0, 1, 2]:        200,	516,	15868
gyro[0, 1, 2]:         64,	46,	-7160
utime: 8990662414
accel[0, 1, 2]:        -1544,	748,	16640
gyro[0, 1, 2]:         -187,	-128,	-6662
utime: 8990712452
accel[0, 1, 2]:        -828,	496,	16716
gyro[0, 1, 2]:         -239,	-297,	-7472
utime: 8990762497
accel[0, 1, 2]:        -1212,	-1548,	16544
gyro[0, 1, 2]:         -606,	-201,	-2633
utime: 8990812553
accel[0, 1, 2]:        -2072,	2468,	15748
gyro[0, 1, 2]:         395,	-196,	288
utime: 8990862603
accel[0, 1, 2]:        156,	896,	16432
gyro[0, 1, 2]:         149,	340,	-168
utime: 8990912677
accel[0, 1, 2]:        2212,	2672,	15480
gyro[0, 1, 2]:         -369,	-1136,	571
utime: 8990962745
accel[0, 1, 2]:        588,	-1836,	15860
gyro[0, 1, 2]:         -163,	84,	711
utime: 8991012794
accel[0, 1, 2]:        -1712,	952,	16720
gyro[0, 1, 2]:         -535,	-40,	-540
utime: 8991062842
accel[0, 1, 2]:        4668,	484,	12940
gyro[0, 1, 2]:         -1192,	-2030,	-1413
utime: 8991112902
accel[0, 1, 2]:        2280,	3464,	15912
gyro[0, 1, 2]:         -48,	-347,	-1095
utime: 8991162957
accel[0, 1, 2]:        -3760,	2008,	16384
gyro[0, 1, 2]:         23,	-45,	-513
utime: 8991213012
accel[0, 1, 2]:        -3672,	-32,	18060
gyro[0, 1, 2]:         -593,	192,	-437
utime: 8991263065
accel[0, 1, 2]:        1644,	-1884,	12656
gyro[0, 1, 2]:         -819,	-821,	-56
utime: 8991313114
accel[0, 1, 2]:        -5200,	2508,	17008
gyro[0, 1, 2]:         -950,	236,	-380
utime: 8991363156
accel[0, 1, 2]:        -664,	916,	15416
gyro[0, 1, 2]:         -267,	-715,	-724
utime: 8991413192
accel[0, 1, 2]:        528,	2400,	13280
gyro[0, 1, 2]:         66,	-1146,	-822
utime: 8991463251
accel[0, 1, 2]:        -1368,	1288,	16516
gyro[0, 1, 2]:         -285,	164,	-631
utime: 8991513311
accel[0, 1, 2]:        -4232,	-3180,	19544
gyro[0, 1, 2]:         -720,	44,	-653
utime: 8991563371
accel[0, 1, 2]:        -2600,	884,	18460
gyro[0, 1, 2]:         -253,	-828,	-1184
utime: 8991613401
accel[0, 1, 2]:        272,	-408,	14232
gyro[0, 1, 2]:         -551,	340,	-269
utime: 8991663441
accel[0, 1, 2]:        1748,	-4176,	18720
gyro[0, 1, 2]:         -726,	1068,	-1393
utime: 8991713479
accel[0, 1, 2]:        1856,	36,	15356
gyro[0, 1, 2]:         550,	-46,	-936
utime: 8991763535
accel[0, 1, 2]:        -1584,	1260,	16112
gyro[0, 1, 2]:         -429,	-192,	-452
utime: 8991813575
accel[0, 1, 2]:        2832,	1204,	15484
gyro[0, 1, 2]:         91,	27,	-1041
utime: 8991863616
accel[0, 1, 2]:        1384,	360,	14612
gyro[0, 1, 2]:         -676,	-612,	-463
utime: 8991913665
accel[0, 1, 2]:        -2640,	-124,	17108
gyro[0, 1, 2]:         -538,	-163,	-1371
utime: 8991963718
accel[0, 1, 2]:        -800,	1896,	14984
gyro[0, 1, 2]:         -339,	-612,	-1217
utime: 8992013775
accel[0, 1, 2]:        208,	3124,	16604
gyro[0, 1, 2]:         -809,	511,	-938
utime: 8992063816
accel[0, 1, 2]:        -5532,	552,	15548
gyro[0, 1, 2]:         -174,	-614,	-1604
utime: 8992113874
accel[0, 1, 2]:        24,	1876,	14408
gyro[0, 1, 2]:         -199,	-375,	-1414
utime: 8992163929
accel[0, 1, 2]:        -132,	988,	16000
gyro[0, 1, 2]:         -846,	365,	-1248
utime: 8992213978
accel[0, 1, 2]:        -1280,	-260,	18296
gyro[0, 1, 2]:         -709,	686,	-1184
utime: 8992264027
accel[0, 1, 2]:        -1560,	572,	16096
gyro[0, 1, 2]:         -34,	321,	-393
utime: 8992314091
accel[0, 1, 2]:        -1060,	640,	13680
gyro[0, 1, 2]:         -828,	-1216,	191
utime: 8992364143
accel[0, 1, 2]:        1896,	624,	15340
gyro[0, 1, 2]:         -66,	-423,	571
utime: 8992414191
accel[0, 1, 2]:        -160,	1064,	18608
gyro[0, 1, 2]:         -340,	380,	183
utime: 8992464359
accel[0, 1, 2]:        -600,	844,	16264
gyro[0, 1, 2]:         -992,	-178,	-583
utime: 8992514408
accel[0, 1, 2]:        -408,	-1248,	17584
gyro[0, 1, 2]:         -446,	109,	-1156
utime: 8992564442
accel[0, 1, 2]:        552,	1356,	17712
gyro[0, 1, 2]:         -715,	510,	-835
utime: 8992614487
accel[0, 1, 2]:        -1124,	1860,	16164
gyro[0, 1, 2]:         -93,	-648,	-1339
utime: 8992664530
accel[0, 1, 2]:        976,	-64,	17348
gyro[0, 1, 2]:         -201,	270,	-1198
utime: 8992714564
accel[0, 1, 2]:        1272,	36,	15236
gyro[0, 1, 2]:         -326,	-117,	-1070
utime: 8992764599
accel[0, 1, 2]:        -3888,	316,	16804
gyro[0, 1, 2]:         -692,	-321,	-1204
utime: 8992814630
accel[0, 1, 2]:        -1500,	228,	16024
gyro[0, 1, 2]:         -208,	-527,	-744
utime: 8992864676
accel[0, 1, 2]:        -328,	-520,	15064
gyro[0, 1, 2]:         49,	-1,	-145
utime: 8992914703
accel[0, 1, 2]:        -3072,	2204,	15776
gyro[0, 1, 2]:         -152,	992,	591
utime: 8992964750
accel[0, 1, 2]:        2584,	-1360,	17156
gyro[0, 1, 2]:         191,	-443,	87
utime: 8993014802
accel[0, 1, 2]:        -1652,	-2868,	16696
gyro[0, 1, 2]:         -630,	330,	-176
utime: 8993064846
accel[0, 1, 2]:        -168,	-1224,	16320
gyro[0, 1, 2]:         -946,	132,	-1639
utime: 8993114898
accel[0, 1, 2]:        -1884,	92,	15488
gyro[0, 1, 2]:         15,	304,	-1970
utime: 8993164967
accel[0, 1, 2]:        -1660,	1764,	15984
gyro[0, 1, 2]:         -178,	274,	-1986
utime: 8993215021
accel[0, 1, 2]:        404,	-1356,	16464
gyro[0, 1, 2]:         242,	482,	-1222
utime: 8993265076
accel[0, 1, 2]:        -1640,	24,	17396
gyro[0, 1, 2]:         -118,	585,	-1458
utime: 8993315119
accel[0, 1, 2]:        -1388,	-1276,	17544
gyro[0, 1, 2]:         -867,	70,	-1131
utime: 8993365158
accel[0, 1, 2]:        -12892,	8660,	19032
gyro[0, 1, 2]:         -223,	2407,	-6979
utime: 8993415319
accel[0, 1, 2]:        492,	2980,	11520
gyro[0, 1, 2]:         193,	-3561,	-20704
utime: 8993465377
accel[0, 1, 2]:        1608,	1544,	28444
gyro[0, 1, 2]:         685,	1269,	-18430
utime: 8993515425
accel[0, 1, 2]:        444,	-360,	14392
gyro[0, 1, 2]:         116,	-1338,	-18331
utime: 8993565483
accel[0, 1, 2]:        -560,	-756,	17416
gyro[0, 1, 2]:         -218,	67,	-14979
utime: 8993615524
accel[0, 1, 2]:        368,	492,	16388
gyro[0, 1, 2]:         272,	589,	-14279
utime: 8993665578
accel[0, 1, 2]:        144,	-720,	17128
gyro[0, 1, 2]:         -525,	-21,	-14241
utime: 8993715632
accel[0, 1, 2]:        756,	-1124,	16048
gyro[0, 1, 2]:         63,	147,	-12370
utime: 8993765684
accel[0, 1, 2]:        648,	-1212,	17952
gyro[0, 1, 2]:         7,	449,	-12941
utime: 8993815738
accel[0, 1, 2]:        -1912,	-800,	15812
gyro[0, 1, 2]:         -52,	-1296,	-13492
utime: 8993865800
accel[0, 1, 2]:        60,	1236,	16068
gyro[0, 1, 2]:         141,	109,	-11688
utime: 8993915847
accel[0, 1, 2]:        -1008,	460,	17216
gyro[0, 1, 2]:         -54,	512,	-12370
utime: 8993967794
accel[0, 1, 2]:        -468,	-1076,	15008
gyro[0, 1, 2]:         -275,	272,	-12278
utime: 8994017860
accel[0, 1, 2]:        -256,	-912,	16848
gyro[0, 1, 2]:         -108,	413,	-12598
utime: 8994067913
accel[0, 1, 2]:        -1008,	-400,	17016
gyro[0, 1, 2]:         64,	69,	-13134
utime: 8994118044
accel[0, 1, 2]:        364,	-7812,	17064
gyro[0, 1, 2]:         -454,	-186,	-6773
utime: 8994168111
accel[0, 1, 2]:        1284,	-1408,	16584
gyro[0, 1, 2]:         -94,	44,	-831
utime: 8994218165
accel[0, 1, 2]:        -232,	-204,	16128
gyro[0, 1, 2]:         -521,	-6,	-308
utime: 8994268217
accel[0, 1, 2]:        -660,	-1460,	16812
gyro[0, 1, 2]:         -677,	127,	-633
utime: 8994318260
accel[0, 1, 2]:        1084,	-1196,	16704
gyro[0, 1, 2]:         -177,	345,	-1131
utime: 8994368316
accel[0, 1, 2]:        -2704,	156,	16568
gyro[0, 1, 2]:         -463,	521,	-463
utime: 8994418352
accel[0, 1, 2]:        -320,	980,	12944
gyro[0, 1, 2]:         -116,	-2,	-803
utime: 8994468401
accel[0, 1, 2]:        1788,	816,	16280
gyro[0, 1, 2]:         12,	-147,	-460
utime: 8994518456
accel[0, 1, 2]:        624,	-848,	23556
gyro[0, 1, 2]:         859,	2065,	-805
utime: 8994568508
accel[0, 1, 2]:        -4372,	1524,	16912
gyro[0, 1, 2]:         285,	149,	-477
utime: 8994618567
accel[0, 1, 2]:        -2424,	976,	15096
gyro[0, 1, 2]:         -266,	547,	-515
utime: 8994668646
accel[0, 1, 2]:        2896,	992,	14972
gyro[0, 1, 2]:         -497,	-28,	-803
utime: 8994718674
accel[0, 1, 2]:        1524,	312,	17396
gyro[0, 1, 2]:         -625,	540,	-1167
utime: 8994768740
accel[0, 1, 2]:        -6148,	3376,	23044
gyro[0, 1, 2]:         126,	-326,	-2087
utime: 8994818773
accel[0, 1, 2]:        3060,	1008,	13368
gyro[0, 1, 2]:         -195,	565,	-1016
utime: 8994868809
accel[0, 1, 2]:        4496,	260,	11444
gyro[0, 1, 2]:         -832,	-149,	-1504
utime: 8994918979
accel[0, 1, 2]:        -1652,	2472,	18208
gyro[0, 1, 2]:         -357,	592,	-2085
utime: 8994969050
accel[0, 1, 2]:        -4824,	-364,	15524
gyro[0, 1, 2]:         -357,	346,	-1253
utime: 8995019104
accel[0, 1, 2]:        -10992,	-60,	22192
gyro[0, 1, 2]:         -930,	-138,	-1121
utime: 8995069156
accel[0, 1, 2]:        548,	796,	13716
gyro[0, 1, 2]:         30,	-939,	-411
utime: 8995119188
accel[0, 1, 2]:        236,	7288,	20432
gyro[0, 1, 2]:         1213,	1078,	1229
utime: 8995169240
accel[0, 1, 2]:        220,	-2032,	11812
gyro[0, 1, 2]:         248,	849,	227
utime: 8995219277
accel[0, 1, 2]:        700,	-1088,	15004
gyro[0, 1, 2]:         129,	-201,	-213
utime: 8995269335
accel[0, 1, 2]:        -108,	440,	18020
gyro[0, 1, 2]:         -187,	-190,	-1315
utime: 8995319379
accel[0, 1, 2]:        -1208,	-1408,	20488
gyro[0, 1, 2]:         -175,	197,	-1356
utime: 8995369423
accel[0, 1, 2]:        2104,	1856,	16244
gyro[0, 1, 2]:         -51,	889,	-1879
utime: 8995419491
accel[0, 1, 2]:        1932,	-2496,	15276
gyro[0, 1, 2]:         10,	301,	-1380
utime: 8995469553
accel[0, 1, 2]:        -1864,	-272,	16652
gyro[0, 1, 2]:         11,	-56,	-823
utime: 8995519605
accel[0, 1, 2]:        -224,	-5148,	17184
gyro[0, 1, 2]:         -169,	227,	1019
utime: 8995569646
accel[0, 1, 2]:        2396,	928,	14676
gyro[0, 1, 2]:         523,	-870,	-60
utime: 8995619696
accel[0, 1, 2]:        -328,	1108,	16048
gyro[0, 1, 2]:         -766,	192,	-220
utime: 8995669739
accel[0, 1, 2]:        -2440,	-1456,	17516
gyro[0, 1, 2]:         -528,	290,	-1071
utime: 8995719796
accel[0, 1, 2]:        -236,	-1888,	19284
gyro[0, 1, 2]:         -144,	1392,	-562
utime: 8995769845
accel[0, 1, 2]:        -1056,	-20,	14596
gyro[0, 1, 2]:         -534,	43,	-1328
utime: 8995819883
accel[0, 1, 2]:        -284,	-624,	16312
gyro[0, 1, 2]:         -398,	-278,	-1138
utime: 8995869922
accel[0, 1, 2]:        1980,	876,	16108
gyro[0, 1, 2]:         -360,	394,	-1951
utime: 8995919982
accel[0, 1, 2]:        3740,	-324,	13408
gyro[0, 1, 2]:         -21,	-117,	-793
utime: 8995970033
accel[0, 1, 2]:        -1456,	2496,	15460
gyro[0, 1, 2]:         -181,	277,	-1301
utime: 8996020092
accel[0, 1, 2]:        -1312,	56,	15800
gyro[0, 1, 2]:         121,	-569,	-236
utime: 8996070134
accel[0, 1, 2]:        2832,	1160,	10396
gyro[0, 1, 2]:         504,	-615,	-190
utime: 8996120193
accel[0, 1, 2]:        6848,	-516,	14836
gyro[0, 1, 2]:         -113,	323,	-754
utime: 8996170231
accel[0, 1, 2]:        -3440,	-320,	20336
gyro[0, 1, 2]:         -500,	295,	-511
utime: 8996220269
accel[0, 1, 2]:        -240,	-188,	16180
gyro[0, 1, 2]:         -495,	352,	-416
utime: 8996270330
accel[0, 1, 2]:        2080,	-1028,	19732
gyro[0, 1, 2]:         100,	-684,	-1362
utime: 8996320372
accel[0, 1, 2]:        -8260,	-700,	13716
gyro[0, 1, 2]:         -418,	242,	-927
utime: 8996370416
accel[0, 1, 2]:        -2044,	1608,	16272
gyro[0, 1, 2]:         -1213,	26,	-1554
utime: 8996420464
accel[0, 1, 2]:        -1548,	1504,	17288
gyro[0, 1, 2]:         -429,	642,	-1873
utime: 8996470503
accel[0, 1, 2]:        4252,	-88,	11264
gyro[0, 1, 2]:         -389,	-502,	-1150
utime: 8996520551
accel[0, 1, 2]:        -4568,	-964,	17628
gyro[0, 1, 2]:         -427,	240,	-1086
utime: 8996570586
accel[0, 1, 2]:        -2996,	596,	15940
gyro[0, 1, 2]:         587,	-203,	-442
utime: 8996620696
accel[0, 1, 2]:        -5704,	1824,	19588
gyro[0, 1, 2]:         -678,	161,	448
utime: 8996670760
accel[0, 1, 2]:        1572,	108,	21104
gyro[0, 1, 2]:         507,	1616,	-955
utime: 8996720802
accel[0, 1, 2]:        292,	-1904,	17672
gyro[0, 1, 2]:         -137,	1046,	-591
utime: 8996770849
accel[0, 1, 2]:        1580,	-292,	16880
gyro[0, 1, 2]:         140,	1301,	-707
utime: 8996820890
accel[0, 1, 2]:        1484,	2108,	12128
gyro[0, 1, 2]:         -405,	-1322,	-732
utime: 8996870942
accel[0, 1, 2]:        -960,	1496,	15896
gyro[0, 1, 2]:         -749,	460,	-1415
utime: 8996920983
accel[0, 1, 2]:        -3848,	496,	20396
gyro[0, 1, 2]:         -577,	1421,	-2187
utime: 8996971021
accel[0, 1, 2]:        292,	-5032,	17608
gyro[0, 1, 2]:         -910,	-143,	-1301
utime: 8997021075
accel[0, 1, 2]:        -1436,	1972,	16932
gyro[0, 1, 2]:         253,	-424,	-1045
utime: 8997071130
accel[0, 1, 2]:        -5076,	-100,	20352
gyro[0, 1, 2]:         -339,	169,	-763
utime: 8997121214
accel[0, 1, 2]:        -2064,	-948,	18472
gyro[0, 1, 2]:         -798,	-178,	59
utime: 8997171270
accel[0, 1, 2]:        -7864,	-1724,	17240
gyro[0, 1, 2]:         -1001,	-758,	-900
utime: 8997221309
accel[0, 1, 2]:        -1700,	-600,	16160
gyro[0, 1, 2]:         -334,	144,	-215
utime: 8997271350
accel[0, 1, 2]:        -1348,	-408,	15492
gyro[0, 1, 2]:         -597,	-175,	135
utime: 8997321530
accel[0, 1, 2]:        -4072,	32,	18108
gyro[0, 1, 2]:         294,	701,	-208
utime: 8997371564
accel[0, 1, 2]:        1944,	152,	18488
gyro[0, 1, 2]:         -693,	-1383,	-297
utime: 8997421610
accel[0, 1, 2]:        96,	-188,	16196
gyro[0, 1, 2]:         271,	519,	-1778
utime: 8997471637
accel[0, 1, 2]:        -5840,	1380,	11248
gyro[0, 1, 2]:         -732,	-787,	-2300
utime: 8997521682
accel[0, 1, 2]:        -784,	-1204,	14408
gyro[0, 1, 2]:         -161,	-682,	-1951
utime: 8997571717
accel[0, 1, 2]:        4164,	1532,	16160
gyro[0, 1, 2]:         -105,	-274,	-1295
utime: 8997621754
accel[0, 1, 2]:        -92,	-84,	18280
gyro[0, 1, 2]:         443,	953,	-457
utime: 8997671785
accel[0, 1, 2]:        2524,	2480,	15244
gyro[0, 1, 2]:         -76,	1108,	-621
utime: 8997721819
accel[0, 1, 2]:        1888,	308,	14476
gyro[0, 1, 2]:         94,	791,	-675
utime: 8997771853
accel[0, 1, 2]:        -2740,	684,	16324
gyro[0, 1, 2]:         -219,	504,	-883
utime: 8997821896
accel[0, 1, 2]:        -1036,	484,	16732
gyro[0, 1, 2]:         668,	559,	-969
utime: 8997871945
accel[0, 1, 2]:        -1288,	-1804,	16040
gyro[0, 1, 2]:         173,	486,	71
utime: 8997922024
accel[0, 1, 2]:        -12444,	9760,	19676
gyro[0, 1, 2]:         -724,	2460,	-7606
utime: 8997972065
accel[0, 1, 2]:        1444,	1656,	9800
gyro[0, 1, 2]:         -76,	-1844,	-21690
utime: 8998022138
accel[0, 1, 2]:        -1548,	-5404,	12916
gyro[0, 1, 2]:         601,	2195,	-17169
utime: 8998072264
accel[0, 1, 2]:        -1116,	-1244,	14184
gyro[0, 1, 2]:         -193,	-188,	-18224
utime: 8998122336
accel[0, 1, 2]:        -720,	-4416,	15752
gyro[0, 1, 2]:         -689,	-133,	-14775
utime: 8998172374
accel[0, 1, 2]:        -3944,	-2808,	22752
gyro[0, 1, 2]:         464,	40,	-13769
utime: 8998222417
accel[0, 1, 2]:        104,	-596,	15000
gyro[0, 1, 2]:         247,	-341,	-11745
utime: 8998272454
accel[0, 1, 2]:        -404,	-192,	16600
gyro[0, 1, 2]:         -184,	166,	-10501
utime: 8998322493
accel[0, 1, 2]:        968,	696,	16044
gyro[0, 1, 2]:         -113,	-28,	-10956
utime: 8998372534
accel[0, 1, 2]:        -2020,	2576,	17512
gyro[0, 1, 2]:         -707,	-99,	-10648
utime: 8998422571
accel[0, 1, 2]:        -1132,	2200,	16356
gyro[0, 1, 2]:         344,	254,	-11038
utime: 8998472611
accel[0, 1, 2]:        -628,	-4,	16292
gyro[0, 1, 2]:         -166,	338,	-11884
utime: 8998522668
accel[0, 1, 2]:        -2516,	-356,	16700
gyro[0, 1, 2]:         -216,	762,	-11817
utime: 8998572715
accel[0, 1, 2]:        -240,	-804,	16160
gyro[0, 1, 2]:         256,	925,	-10952
utime: 8998622760
accel[0, 1, 2]:        -3812,	1004,	16224
gyro[0, 1, 2]:         -212,	236,	-11284
utime: 8998672797
accel[0, 1, 2]:        5224,	-3940,	16304
gyro[0, 1, 2]:         -349,	-154,	-8876
utime: 8998722877
accel[0, 1, 2]:        2248,	1184,	17004
gyro[0, 1, 2]:         -558,	-11,	-1036
utime: 8998772935
accel[0, 1, 2]:        56,	656,	16652
gyro[0, 1, 2]:         -385,	82,	-708
utime: 8998822983
accel[0, 1, 2]:        -1484,	2652,	15996
gyro[0, 1, 2]:         19,	32,	-403
utime: 8998873114
accel[0, 1, 2]:        764,	-3012,	17496
gyro[0, 1, 2]:         224,	401,	-140
utime: 8998923184
accel[0, 1, 2]:        5052,	2020,	15456
gyro[0, 1, 2]:         264,	516,	-206
utime: 8998973245
accel[0, 1, 2]:        -988,	776,	17308
gyro[0, 1, 2]:         -259,	748,	-585
utime: 8999023297
accel[0, 1, 2]:        -624,	3308,	13296
gyro[0, 1, 2]:         -1030,	-1886,	-942
utime: 8999073331
accel[0, 1, 2]:        -792,	920,	17428
gyro[0, 1, 2]:         -391,	-743,	-1109
utime: 8999123397
accel[0, 1, 2]:        -5132,	-472,	16328
gyro[0, 1, 2]:         -205,	-203,	-987
utime: 8999173448
accel[0, 1, 2]:        -1724,	-1412,	17644
gyro[0, 1, 2]:         361,	-169,	-372
utime: 8999223506
accel[0, 1, 2]:        -1536,	-1088,	17808
gyro[0, 1, 2]:         -425,	641,	-48
utime: 8999273563
accel[0, 1, 2]:        -1264,	-28,	15816
gyro[0, 1, 2]:         -425,	23,	-753
utime: 8999323615
accel[0, 1, 2]:        -1176,	1876,	14164
gyro[0, 1, 2]:         -323,	180,	-1027
utime: 8999373652
accel[0, 1, 2]:        -1732,	96,	15968
gyro[0, 1, 2]:         -409,	-324,	-1435
utime: 8999423711
accel[0, 1, 2]:        -68,	1012,	15976
gyro[0, 1, 2]:         -13,	-158,	-1160
utime: 8999473757
accel[0, 1, 2]:        -2284,	908,	18688
gyro[0, 1, 2]:         -180,	310,	-1077
utime: 8999523800
accel[0, 1, 2]:        -1076,	-256,	17936
gyro[0, 1, 2]:         -213,	781,	-855
utime: 8999573844
accel[0, 1, 2]:        -9036,	2868,	15272
gyro[0, 1, 2]:         -1369,	-701,	-1697
utime: 8999623958
accel[0, 1, 2]:        4996,	2148,	12588
gyro[0, 1, 2]:         95,	557,	-2195
utime: 8999674017
accel[0, 1, 2]:        -1216,	1012,	15292
gyro[0, 1, 2]:         118,	-571,	-1869
utime: 8999724072
accel[0, 1, 2]:        -1608,	16,	18116
gyro[0, 1, 2]:         -677,	313,	-1285
utime: 8999774144
accel[0, 1, 2]:        5860,	-684,	9712
gyro[0, 1, 2]:         290,	-117,	-1335
utime: 8999824181
accel[0, 1, 2]:        1444,	2588,	20028
gyro[0, 1, 2]:         -804,	1050,	-1083
utime: 8999874234
accel[0, 1, 2]:        2388,	-1776,	15976
gyro[0, 1, 2]:         561,	-705,	-1916
utime: 8999924285
accel[0, 1, 2]:        -264,	-384,	13892
gyro[0, 1, 2]:         -338,	-1268,	-685
utime: 8999974339
accel[0, 1, 2]:        -4064,	280,	17256
gyro[0, 1, 2]:         -944,	88,	-1283
utime: 9000024376
accel[0, 1, 2]:        232,	-64,	15568
gyro[0, 1, 2]:         359,	501,	-675
utime: 9000074426
accel[0, 1, 2]:        -2428,	2828,	14200
gyro[0, 1, 2]:         -393,	-595,	-331
utime: 9000124466
accel[0, 1, 2]:        1684,	-112,	15608
gyro[0, 1, 2]:         -514,	-882,	-876
utime: 9000174522
accel[0, 1, 2]:        2640,	3064,	18444
gyro[0, 1, 2]:         -121,	-168,	-1083
utime: 9000224591
accel[0, 1, 2]:        7824,	-3888,	16396
gyro[0, 1, 2]:         151,	2385,	-639
utime: 9000274644
accel[0, 1, 2]:        2220,	-716,	14524
gyro[0, 1, 2]:         552,	678,	-1436
utime: 9000324817
accel[0, 1, 2]:        -2932,	4560,	18428
gyro[0, 1, 2]:         -618,	-226,	-1655
utime: 9000374843
accel[0, 1, 2]:        -328,	-1032,	16616
gyro[0, 1, 2]:         8,	-459,	-964
utime: 9000424879
accel[0, 1, 2]:        5336,	500,	14496
gyro[0, 1, 2]:         -88,	25,	-1021
utime: 9000474927
accel[0, 1, 2]:        -2164,	-1072,	15964
gyro[0, 1, 2]:         -816,	775,	-1754
utime: 9000524968
accel[0, 1, 2]:        -2360,	368,	17712
gyro[0, 1, 2]:         90,	380,	-1261
utime: 9000575006
accel[0, 1, 2]:        3948,	168,	16572
gyro[0, 1, 2]:         -339,	-127,	-992
utime: 9000625051
accel[0, 1, 2]:        -4468,	404,	18488
gyro[0, 1, 2]:         616,	-81,	-1274
utime: 9000675080
accel[0, 1, 2]:        6244,	-764,	15496
gyro[0, 1, 2]:         -224,	1091,	-1479
utime: 9000725121
accel[0, 1, 2]:        -832,	-280,	17368
gyro[0, 1, 2]:         -423,	-237,	-1908
utime: 9000775165
accel[0, 1, 2]:        -2304,	-2524,	18152
gyro[0, 1, 2]:         -226,	0,	-957
utime: 9000825202
accel[0, 1, 2]:        3540,	3988,	14576
gyro[0, 1, 2]:         18,	-373,	-1443
utime: 9000875245
accel[0, 1, 2]:        -2772,	-984,	17012
gyro[0, 1, 2]:         288,	422,	-831
utime: 9000925294
accel[0, 1, 2]:        1376,	-696,	18304
gyro[0, 1, 2]:         60,	412,	-1021
utime: 9000975322
accel[0, 1, 2]:        -4184,	-300,	20980
gyro[0, 1, 2]:         -1002,	786,	-1507
utime: 9001026527
accel[0, 1, 2]:        -4072,	1144,	13936
gyro[0, 1, 2]:         -470,	267,	-1258
utime: 9001076598
accel[0, 1, 2]:        -1784,	4,	18528
gyro[0, 1, 2]:         358,	277,	-691
utime: 9001126655
accel[0, 1, 2]:        -252,	1636,	17968
gyro[0, 1, 2]:         162,	480,	29
utime: 9001176733
accel[0, 1, 2]:        -600,	508,	14164
gyro[0, 1, 2]:         -427,	339,	-79
utime: 9001226803
accel[0, 1, 2]:        -236,	-168,	15620
gyro[0, 1, 2]:         -832,	-13,	-1050
utime: 9001276850
accel[0, 1, 2]:        -5516,	2340,	20460
gyro[0, 1, 2]:         -282,	600,	-3065
utime: 9001326905
accel[0, 1, 2]:        596,	-672,	11808
gyro[0, 1, 2]:         517,	-631,	-19657
utime: 9001376938
accel[0, 1, 2]:        -4824,	852,	14640
gyro[0, 1, 2]:         -89,	450,	-18891
utime: 9001426985
accel[0, 1, 2]:        -1944,	-20,	15512
gyro[0, 1, 2]:         -189,	-933,	-18221
utime: 9001477024
accel[0, 1, 2]:        -2564,	-1240,	17716
gyro[0, 1, 2]:         410,	79,	-17028
utime: 9001527061
accel[0, 1, 2]:        -1704,	-552,	16708
gyro[0, 1, 2]:         160,	517,	-16549
utime: 9001577099
accel[0, 1, 2]:        504,	-312,	17400
gyro[0, 1, 2]:         198,	864,	-15187
utime: 9001627141
accel[0, 1, 2]:        -528,	36,	16128
gyro[0, 1, 2]:         656,	1140,	-14886
utime: 9001677190
accel[0, 1, 2]:        828,	-1940,	15580
gyro[0, 1, 2]:         -257,	-193,	-14985
utime: 9001727256
accel[0, 1, 2]:        -1008,	-836,	17012
gyro[0, 1, 2]:         -433,	-304,	-12554
utime: 9001777316
accel[0, 1, 2]:        -1972,	2848,	18328
gyro[0, 1, 2]:         862,	943,	-11632
utime: 9001827371
accel[0, 1, 2]:        -2420,	-176,	15864
gyro[0, 1, 2]:         -515,	-592,	-10160
utime: 9001877531
accel[0, 1, 2]:        404,	-2892,	16856
gyro[0, 1, 2]:         -570,	-36,	-8914
utime: 9001927580
accel[0, 1, 2]:        720,	-336,	14704
gyro[0, 1, 2]:         -287,	-483,	-9977
utime: 9001977608
accel[0, 1, 2]:        1456,	-1272,	16544
gyro[0, 1, 2]:         -701,	-398,	-7288
utime: 9002027640
accel[0, 1, 2]:        2108,	876,	15800
gyro[0, 1, 2]:         -72,	-455,	276
utime: 9002077687
accel[0, 1, 2]:        -560,	-412,	16260
gyro[0, 1, 2]:         -627,	475,	-285
utime: 9002127736
accel[0, 1, 2]:        380,	2504,	15588
gyro[0, 1, 2]:         -394,	70,	81
utime: 9002177768
accel[0, 1, 2]:        -2008,	-832,	15900
gyro[0, 1, 2]:         -297,	-288,	484
utime: 9002227809
accel[0, 1, 2]:        -5012,	1444,	14284
gyro[0, 1, 2]:         -1208,	-546,	-749
utime: 9002277853
accel[0, 1, 2]:        1232,	-1220,	16540
gyro[0, 1, 2]:         -30,	754,	-889
utime: 9002327910
accel[0, 1, 2]:        232,	-1340,	17636
gyro[0, 1, 2]:         -261,	589,	-1979
utime: 9002377963
accel[0, 1, 2]:        -4228,	-628,	16672
gyro[0, 1, 2]:         -904,	-479,	-847
utime: 9002428018
accel[0, 1, 2]:        700,	1156,	16052
gyro[0, 1, 2]:         59,	-651,	-1700
utime: 9002478069
accel[0, 1, 2]:        2048,	-748,	14048
gyro[0, 1, 2]:         218,	-1119,	-654
utime: 9002528150
accel[0, 1, 2]:        -908,	1504,	17160
gyro[0, 1, 2]:         -166,	890,	-1103
utime: 9002578220
accel[0, 1, 2]:        -96,	-544,	17312
gyro[0, 1, 2]:         -68,	557,	-1647
utime: 9002628278
accel[0, 1, 2]:        696,	-1196,	15988
gyro[0, 1, 2]:         -283,	-102,	-928
utime: 9002678330
accel[0, 1, 2]:        -1504,	-204,	18384
gyro[0, 1, 2]:         7,	2364,	-596
utime: 9002728370
accel[0, 1, 2]:        -4300,	-2096,	15384
gyro[0, 1, 2]:         -735,	13,	-275
utime: 9002778447
accel[0, 1, 2]:        -7520,	4052,	13464
gyro[0, 1, 2]:         -1010,	123,	-579
utime: 9002828512
accel[0, 1, 2]:        1976,	2232,	16428
gyro[0, 1, 2]:         323,	651,	-1951
utime: 9002878569
accel[0, 1, 2]:        1236,	232,	16060
gyro[0, 1, 2]:         633,	1565,	-1533
utime: 9002928611
accel[0, 1, 2]:        3440,	-2268,	10168
gyro[0, 1, 2]:         -512,	-200,	-936
utime: 9002978660
accel[0, 1, 2]:        -6744,	852,	11844
gyro[0, 1, 2]:         -506,	-94,	-1336
utime: 9003028718
accel[0, 1, 2]:        740,	3028,	19112
gyro[0, 1, 2]:         -754,	1170,	-1608
utime: 9003078772
accel[0, 1, 2]:        -9880,	740,	20448
gyro[0, 1, 2]:         -1273,	428,	-1641
utime: 9003128816
accel[0, 1, 2]:        680,	-64,	15320
gyro[0, 1, 2]:         428,	326,	-1203
utime: 9003178868
accel[0, 1, 2]:        -1356,	2620,	12448
gyro[0, 1, 2]:         -463,	-1848,	-791
utime: 9003228915
accel[0, 1, 2]:        5924,	-116,	13568
gyro[0, 1, 2]:         -335,	-1411,	-408
utime: 9003278978
accel[0, 1, 2]:        3360,	-220,	11324
gyro[0, 1, 2]:         -321,	1145,	-566
utime: 9003329014
accel[0, 1, 2]:        4792,	2100,	13300
gyro[0, 1, 2]:         -74,	77,	-1535
utime: 9003379066
accel[0, 1, 2]:        140,	-2448,	18680
gyro[0, 1, 2]:         -890,	1253,	-1680
utime: 9003429117
accel[0, 1, 2]:        -364,	1032,	15692
gyro[0, 1, 2]:         705,	370,	-2815
utime: 9003479174
accel[0, 1, 2]:        -3208,	-616,	19072
gyro[0, 1, 2]:         -377,	723,	-496
utime: 9003529309
accel[0, 1, 2]:        5048,	-1828,	11296
gyro[0, 1, 2]:         -626,	-1711,	-2469
utime: 9003579372
accel[0, 1, 2]:        1492,	-1252,	18000
gyro[0, 1, 2]:         -120,	392,	-1845
utime: 9003629417
accel[0, 1, 2]:        3324,	6028,	14328
gyro[0, 1, 2]:         -603,	-753,	1026
utime: 9003679461
accel[0, 1, 2]:        -884,	520,	18328
gyro[0, 1, 2]:         -499,	-440,	354
utime: 9003729508
accel[0, 1, 2]:        -3084,	1420,	14036
gyro[0, 1, 2]:         433,	331,	588
utime: 9003779552
accel[0, 1, 2]:        -344,	-344,	17760
gyro[0, 1, 2]:         -772,	806,	717
utime: 9003829607
accel[0, 1, 2]:        -1120,	668,	15468
gyro[0, 1, 2]:         -310,	-331,	-393
utime: 9003879674
accel[0, 1, 2]:        4028,	732,	17012
gyro[0, 1, 2]:         -337,	47,	-1002
utime: 9003929722
accel[0, 1, 2]:        464,	968,	13912
gyro[0, 1, 2]:         107,	519,	-1965
utime: 9003979759
accel[0, 1, 2]:        -2332,	-436,	20172
gyro[0, 1, 2]:         -167,	-422,	-1412
utime: 9004029828
accel[0, 1, 2]:        -1684,	1220,	17856
gyro[0, 1, 2]:         -475,	429,	-1789
utime: 9004079866
accel[0, 1, 2]:        572,	-736,	15916
gyro[0, 1, 2]:         16,	999,	-1433
utime: 9004129910
accel[0, 1, 2]:        716,	-4320,	19400
gyro[0, 1, 2]:         123,	-44,	-2407
utime: 9004179947
accel[0, 1, 2]:        -1308,	644,	15652
gyro[0, 1, 2]:         -683,	219,	-1327
utime: 9004230006
accel[0, 1, 2]:        208,	552,	17472
gyro[0, 1, 2]:         -637,	99,	-880
utime: 9004280050
accel[0, 1, 2]:        -4768,	-508,	15100
gyro[0, 1, 2]:         -92,	633,	-467
utime: 9004330106
accel[0, 1, 2]:        748,	-620,	16212
gyro[0, 1, 2]:         303,	271,	-697
utime: 9004380148
accel[0, 1, 2]:        -2736,	2972,	16008
gyro[0, 1, 2]:         -1292,	-465,	-1462
utime: 9004430188
accel[0, 1, 2]:        -512,	728,	18432
gyro[0, 1, 2]:         -386,	-376,	-2233
utime: 9004480238
accel[0, 1, 2]:        -2724,	492,	18968
gyro[0, 1, 2]:         367,	617,	-2189
utime: 9004530273
accel[0, 1, 2]:        1940,	-2516,	18200
gyro[0, 1, 2]:         359,	1879,	-1773
utime: 9004580322
accel[0, 1, 2]:        -444,	-2508,	16992
gyro[0, 1, 2]:         -457,	568,	-1599
utime: 9004630383
accel[0, 1, 2]:        -1516,	-1160,	18792
gyro[0, 1, 2]:         -155,	329,	-1668
utime: 9004680415
accel[0, 1, 2]:        -1984,	1632,	19556
gyro[0, 1, 2]:         -321,	548,	-1179
utime: 9004730468
accel[0, 1, 2]:        -2512,	568,	17068
gyro[0, 1, 2]:         -309,	34,	-911
utime: 9004780522
accel[0, 1, 2]:        1008,	1564,	15860
gyro[0, 1, 2]:         -170,	808,	-967
utime: 9004830570
accel[0, 1, 2]:        -1756,	1952,	17312
gyro[0, 1, 2]:         201,	108,	-597
utime: 9004880630
accel[0, 1, 2]:        -1764,	-384,	16972
gyro[0, 1, 2]:         -152,	1672,	167
utime: 9004930678
accel[0, 1, 2]:        -1408,	12,	16740
gyro[0, 1, 2]:         -189,	-402,	-699
utime: 9004980739
accel[0, 1, 2]:        732,	2888,	15188
gyro[0, 1, 2]:         -328,	-335,	-1041
utime: 9005030788
accel[0, 1, 2]:        344,	-2528,	17188
gyro[0, 1, 2]:         -601,	-46,	-1093
utime: 9005080843
accel[0, 1, 2]:        1644,	-952,	16532
gyro[0, 1, 2]:         -304,	441,	-1335
utime: 9005130900
accel[0, 1, 2]:        108,	-1328,	18056
gyro[0, 1, 2]:         28,	256,	-1554
utime: 9005180944
accel[0, 1, 2]:        4068,	2536,	17756
gyro[0, 1, 2]:         450,	-1645,	-491
utime: 9005231003
accel[0, 1, 2]:        680,	-860,	15776
gyro[0, 1, 2]:         579,	-927,	24
utime: 9005281063
accel[0, 1, 2]:        -688,	2084,	14628
gyro[0, 1, 2]:         -781,	107,	-493
utime: 9005331099
accel[0, 1, 2]:        -4188,	872,	17068
gyro[0, 1, 2]:         -766,	-806,	-980
utime: 9005381136
accel[0, 1, 2]:        688,	340,	15524
gyro[0, 1, 2]:         375,	80,	-1221
utime: 9005431189
accel[0, 1, 2]:        -1140,	536,	17008
gyro[0, 1, 2]:         -548,	662,	-226
utime: 9005481242
accel[0, 1, 2]:        8,	3040,	17440
gyro[0, 1, 2]:         -439,	-1803,	-692
utime: 9005531282
accel[0, 1, 2]:        -60,	2264,	18864
gyro[0, 1, 2]:         641,	-190,	-1328
utime: 9005581319
accel[0, 1, 2]:        80,	892,	15792
gyro[0, 1, 2]:         -594,	-66,	-1136
utime: 9005631365
accel[0, 1, 2]:        2048,	-1900,	15932
gyro[0, 1, 2]:         -4,	654,	-1994
utime: 9005681422
accel[0, 1, 2]:        -2236,	868,	16324
gyro[0, 1, 2]:         -369,	-293,	-1707
utime: 9005731509
accel[0, 1, 2]:        648,	2020,	16960
gyro[0, 1, 2]:         -22,	890,	-723
utime: 9005781556
accel[0, 1, 2]:        4916,	-612,	12888
gyro[0, 1, 2]:         437,	505,	-100
utime: 9005831581
accel[0, 1, 2]:        -2968,	556,	17148
gyro[0, 1, 2]:         -371,	525,	-573
utime: 9005881642
accel[0, 1, 2]:        412,	1832,	14400
gyro[0, 1, 2]:         -415,	-813,	-17464
utime: 9005931743
accel[0, 1, 2]:        -1468,	7296,	21224
gyro[0, 1, 2]:         -608,	639,	-17821
utime: 9005981828
accel[0, 1, 2]:        -1164,	1828,	16032
gyro[0, 1, 2]:         -1163,	-2453,	-15897
utime: 9006031880
accel[0, 1, 2]:        -756,	3840,	18260
gyro[0, 1, 2]:         -459,	-556,	-14075
utime: 9006081924
accel[0, 1, 2]:        328,	-604,	15540
gyro[0, 1, 2]:         100,	-463,	-14068
utime: 9006131978
accel[0, 1, 2]:        -1616,	880,	17028
gyro[0, 1, 2]:         -579,	-40,	-12015
utime: 9006182025
accel[0, 1, 2]:        644,	-216,	17532
gyro[0, 1, 2]:         319,	386,	-10718
utime: 9006232062
accel[0, 1, 2]:        -1944,	-3992,	18992
gyro[0, 1, 2]:         -1025,	420,	-10131
utime: 9006282104
accel[0, 1, 2]:        -5008,	6632,	16236
gyro[0, 1, 2]:         103,	-706,	-9866
utime: 9006332157
accel[0, 1, 2]:        -1760,	2044,	18648
gyro[0, 1, 2]:         139,	197,	-9509
utime: 9006382213
accel[0, 1, 2]:        252,	320,	16040
gyro[0, 1, 2]:         -245,	87,	-8558
utime: 9006432266
accel[0, 1, 2]:        -1144,	-792,	16628
gyro[0, 1, 2]:         -425,	370,	-7813
utime: 9006482342
accel[0, 1, 2]:        432,	-588,	15876
gyro[0, 1, 2]:         318,	209,	-7957
utime: 9006532381
accel[0, 1, 2]:        -2244,	-1484,	16920
gyro[0, 1, 2]:         -668,	-29,	-6896
utime: 9006582422
accel[0, 1, 2]:        -1636,	1396,	16428
gyro[0, 1, 2]:         -111,	355,	-7898
utime: 9006632510
accel[0, 1, 2]:        -1016,	1544,	17240
gyro[0, 1, 2]:         96,	635,	-9767
utime: 9006682561
accel[0, 1, 2]:        -2048,	-3004,	15624
gyro[0, 1, 2]:         189,	595,	-9537
utime: 9006732609
accel[0, 1, 2]:        352,	-1456,	15140
gyro[0, 1, 2]:         30,	-166,	-10652
utime: 9006782654
accel[0, 1, 2]:        188,	-760,	14780
gyro[0, 1, 2]:         67,	530,	-9945
utime: 9006832712
accel[0, 1, 2]:        176,	-780,	16908
gyro[0, 1, 2]:         -147,	497,	-10861
utime: 9006882759
accel[0, 1, 2]:        -744,	504,	16116
gyro[0, 1, 2]:         -288,	-122,	-11828
utime: 9006932800
accel[0, 1, 2]:        1300,	-592,	15388
gyro[0, 1, 2]:         121,	22,	-11660
utime: 9006982837
accel[0, 1, 2]:        564,	-472,	14416
gyro[0, 1, 2]:         0,	-890,	-9898
utime: 9007032885
accel[0, 1, 2]:        848,	556,	15236
gyro[0, 1, 2]:         -87,	533,	-8873
utime: 9007084242
accel[0, 1, 2]:        -172,	-1536,	16852
gyro[0, 1, 2]:         -322,	379,	-8069
utime: 9007134303
accel[0, 1, 2]:        -924,	924,	16936
gyro[0, 1, 2]:         -423,	52,	-8050
utime: 9007184359
accel[0, 1, 2]:        24,	808,	16500
gyro[0, 1, 2]:         -153,	-165,	-7900
utime: 9007234400
accel[0, 1, 2]:        -1280,	-2704,	17924
gyro[0, 1, 2]:         -451,	33,	-7256
utime: 9007284456
accel[0, 1, 2]:        -1740,	316,	16676
gyro[0, 1, 2]:         13,	186,	-7786
utime: 9007334511
accel[0, 1, 2]:        1176,	-32,	15856
gyro[0, 1, 2]:         -92,	356,	-8167
utime: 9007384559
accel[0, 1, 2]:        3852,	-568,	15492
gyro[0, 1, 2]:         -406,	71,	-550
utime: 9007434609
accel[0, 1, 2]:        1400,	-512,	15836
gyro[0, 1, 2]:         -276,	92,	128
utime: 9007484647
accel[0, 1, 2]:        -172,	324,	17112
gyro[0, 1, 2]:         -106,	238,	672
utime: 9007534688
accel[0, 1, 2]:        2084,	88,	16968
gyro[0, 1, 2]:         -458,	179,	532
utime: 9007584737
accel[0, 1, 2]:        1612,	696,	16704
gyro[0, 1, 2]:         -519,	12,	444
utime: 9007634783
accel[0, 1, 2]:        -20,	844,	18664
gyro[0, 1, 2]:         -448,	-263,	-253
utime: 9007684818
accel[0, 1, 2]:        980,	8,	15624
gyro[0, 1, 2]:         -191,	-350,	599
utime: 9007734857
accel[0, 1, 2]:        -2756,	-96,	16032
gyro[0, 1, 2]:         -634,	415,	-221
utime: 9007784905
accel[0, 1, 2]:        -2444,	980,	16684
gyro[0, 1, 2]:         -140,	-22,	-376
utime: 9007834952
accel[0, 1, 2]:        -2248,	-96,	17204
gyro[0, 1, 2]:         66,	-133,	-242
utime: 9007885006
accel[0, 1, 2]:        -2972,	-1228,	17436
gyro[0, 1, 2]:         -520,	406,	503
utime: 9007935098
accel[0, 1, 2]:        -2252,	-1984,	17204
gyro[0, 1, 2]:         -447,	1111,	-140
utime: 9007985147
accel[0, 1, 2]:        -300,	864,	15372
gyro[0, 1, 2]:         -114,	169,	-536
utime: 9008035203
accel[0, 1, 2]:        -636,	2196,	18564
gyro[0, 1, 2]:         -242,	257,	-225
utime: 9008085348
accel[0, 1, 2]:        -992,	672,	15716
gyro[0, 1, 2]:         481,	-571,	-33
utime: 9008135393
accel[0, 1, 2]:        -1144,	-1476,	19212
gyro[0, 1, 2]:         -138,	1001,	720
utime: 9008185447
accel[0, 1, 2]:        -3648,	1132,	17304
gyro[0, 1, 2]:         -932,	253,	-595
utime: 9008235482
accel[0, 1, 2]:        -720,	-428,	16916
gyro[0, 1, 2]:         -339,	28,	-659
utime: 9008285535
accel[0, 1, 2]:        -1044,	-404,	17148
gyro[0, 1, 2]:         -115,	627,	-1201
utime: 9008335592
accel[0, 1, 2]:        1668,	224,	15652
gyro[0, 1, 2]:         -240,	-81,	-673
utime: 9008385647
accel[0, 1, 2]:        1320,	-332,	18056
gyro[0, 1, 2]:         242,	722,	-1326
utime: 9008435700
accel[0, 1, 2]:        1644,	596,	18668
gyro[0, 1, 2]:         621,	873,	-1223
utime: 9008485747
accel[0, 1, 2]:        -4292,	-1812,	18900
gyro[0, 1, 2]:         -1363,	135,	-1176
utime: 9008535798
accel[0, 1, 2]:        2720,	-564,	15740
gyro[0, 1, 2]:         51,	20,	-1316
utime: 9008585836
accel[0, 1, 2]:        -2692,	1308,	17236
gyro[0, 1, 2]:         -121,	-568,	-263
utime: 9008635906
accel[0, 1, 2]:        7236,	-36,	12604
gyro[0, 1, 2]:         553,	90,	10
utime: 9008685947
accel[0, 1, 2]:        2068,	696,	17204
gyro[0, 1, 2]:         222,	-100,	-35
utime: 9008736001
accel[0, 1, 2]:        -1672,	1320,	16980
gyro[0, 1, 2]:         -179,	-82,	-254
utime: 9008786045
accel[0, 1, 2]:        2472,	2092,	17388
gyro[0, 1, 2]:         -974,	886,	-885
utime: 9008836211
accel[0, 1, 2]:        980,	-604,	18224
gyro[0, 1, 2]:         433,	531,	-1024
utime: 9008886269
accel[0, 1, 2]:        -1416,	1332,	17360
gyro[0, 1, 2]:         116,	738,	-710
utime: 9008936322
accel[0, 1, 2]:        -368,	972,	16008
gyro[0, 1, 2]:         -184,	1474,	-1132
utime: 9008986378
accel[0, 1, 2]:        2368,	1132,	15216
gyro[0, 1, 2]:         422,	805,	-1022
utime: 9009036432
accel[0, 1, 2]:        -1416,	-2120,	20012
gyro[0, 1, 2]:         -463,	387,	-340
utime: 9009086484
accel[0, 1, 2]:        1340,	-1748,	15320
gyro[0, 1, 2]:         189,	134,	755
utime: 9009136553
accel[0, 1, 2]:        -696,	-1132,	17488
gyro[0, 1, 2]:         -799,	-352,	707
utime: 9009186590
accel[0, 1, 2]:        -2872,	1716,	19248
gyro[0, 1, 2]:         -905,	1129,	682
utime: 9009236615
accel[0, 1, 2]:        820,	1740,	15904
gyro[0, 1, 2]:         -884,	65,	-657
utime: 9009286653
accel[0, 1, 2]:        -368,	788,	14432
gyro[0, 1, 2]:         -841,	-488,	-1097
utime: 9009336704
accel[0, 1, 2]:        4940,	-2688,	13296
gyro[0, 1, 2]:         441,	-24,	-1370
utime: 9009386780
accel[0, 1, 2]:        -592,	744,	15640
gyro[0, 1, 2]:         -19,	-748,	-581
utime: 9009436822
accel[0, 1, 2]:        888,	420,	15576
gyro[0, 1, 2]:         -596,	-322,	-671
utime: 9009486863
accel[0, 1, 2]:        -1248,	-416,	18020
gyro[0, 1, 2]:         -141,	244,	-563
utime: 9009536911
accel[0, 1, 2]:        -836,	1472,	17260
gyro[0, 1, 2]:         9,	107,	-485
utime: 9009587080
accel[0, 1, 2]:        2116,	612,	14684
gyro[0, 1, 2]:         617,	187,	51
utime: 9009637130
accel[0, 1, 2]:        1988,	-748,	15988
gyro[0, 1, 2]:         65,	-715,	44
utime: 9009687167
accel[0, 1, 2]:        1416,	-388,	16944
gyro[0, 1, 2]:         -198,	903,	255
utime: 9009737205
accel[0, 1, 2]:        -2044,	928,	16172
gyro[0, 1, 2]:         -228,	598,	-543
utime: 9009787232
accel[0, 1, 2]:        4524,	832,	15012
gyro[0, 1, 2]:         84,	-211,	-463
utime: 9009837271
accel[0, 1, 2]:        -3548,	1876,	16928
gyro[0, 1, 2]:         -650,	-49,	-1321
utime: 9009887300
accel[0, 1, 2]:        -628,	-248,	18112
gyro[0, 1, 2]:         -208,	-143,	-636
utime: 9009937348
accel[0, 1, 2]:        -2868,	784,	18536
gyro[0, 1, 2]:         -403,	283,	-175
utime: 9009987392
accel[0, 1, 2]:        -1212,	5044,	15544
gyro[0, 1, 2]:         -578,	2848,	-17896
utime: 9010037440
accel[0, 1, 2]:        1612,	-372,	13636
gyro[0, 1, 2]:         545,	-6057,	-21166
utime: 9010087491
accel[0, 1, 2]:        604,	3992,	16040
gyro[0, 1, 2]:         157,	-756,	-18596
utime: 9010137523
accel[0, 1, 2]:        -1980,	400,	15716
gyro[0, 1, 2]:         191,	-128,	-16985
utime: 9010187559
accel[0, 1, 2]:        -824,	-888,	16556
gyro[0, 1, 2]:         420,	772,	-15226
utime: 9010237597
accel[0, 1, 2]:        856,	472,	15992
gyro[0, 1, 2]:         692,	1623,	-13063
utime: 9010287644
accel[0, 1, 2]:        1416,	3540,	15592
gyro[0, 1, 2]:         72,	299,	-12186
utime: 9010337671
accel[0, 1, 2]:        88,	1316,	14140
gyro[0, 1, 2]:         107,	-495,	-11932
utime: 9010387727
accel[0, 1, 2]:        -624,	-296,	18180
gyro[0, 1, 2]:         -115,	609,	-11785
utime: 9010437884
accel[0, 1, 2]:        1060,	2780,	18712
gyro[0, 1, 2]:         238,	452,	-11899
utime: 9010487929
accel[0, 1, 2]:        -1108,	1500,	17540
gyro[0, 1, 2]:         145,	27,	-12917
utime: 9010537962
accel[0, 1, 2]:        -36,	-316,	15956
gyro[0, 1, 2]:         -57,	339,	-12161
utime: 9010587997
accel[0, 1, 2]:        3404,	-836,	17252
gyro[0, 1, 2]:         -471,	301,	282
utime: 9010638036
accel[0, 1, 2]:        -1260,	76,	17060
gyro[0, 1, 2]:         -114,	-363,	-660
utime: 9010688070
accel[0, 1, 2]:        -1396,	-304,	18292
gyro[0, 1, 2]:         -517,	359,	-507
utime: 9010738109
accel[0, 1, 2]:        376,	996,	15576
gyro[0, 1, 2]:         -399,	100,	-1418
utime: 9010788153
accel[0, 1, 2]:        680,	1516,	15000
gyro[0, 1, 2]:         -227,	86,	-1409
utime: 9010838197
accel[0, 1, 2]:        -3476,	-124,	16936
gyro[0, 1, 2]:         -738,	-373,	-737
utime: 9010888233
accel[0, 1, 2]:        1428,	-1268,	17880
gyro[0, 1, 2]:         182,	-24,	-450
utime: 9010938273
accel[0, 1, 2]:        1252,	-176,	17148
gyro[0, 1, 2]:         -11,	555,	-900
utime: 9010988321
accel[0, 1, 2]:        -11512,	136,	15800
gyro[0, 1, 2]:         225,	-527,	325
utime: 9011038377
accel[0, 1, 2]:        -2428,	-1772,	16200
gyro[0, 1, 2]:         -727,	-157,	536
utime: 9011088463
accel[0, 1, 2]:        -1408,	-124,	17184
gyro[0, 1, 2]:         -418,	61,	191
utime: 9011138495
accel[0, 1, 2]:        6740,	-428,	12560
gyro[0, 1, 2]:         283,	46,	-467
utime: 9011188522
accel[0, 1, 2]:        -940,	-1180,	16932
gyro[0, 1, 2]:         -300,	877,	250
utime: 9011238572
accel[0, 1, 2]:        -132,	304,	15180
gyro[0, 1, 2]:         -381,	-275,	-614
utime: 9011288737
accel[0, 1, 2]:        -1068,	-248,	15692
gyro[0, 1, 2]:         -635,	84,	-1109
utime: 9011338791
accel[0, 1, 2]:        -792,	-508,	16200
gyro[0, 1, 2]:         -1700,	-514,	-1062
utime: 9011388836
accel[0, 1, 2]:        -1192,	2540,	17740
gyro[0, 1, 2]:         -569,	-913,	-1928
utime: 9011438874
accel[0, 1, 2]:        -1196,	-800,	16448
gyro[0, 1, 2]:         -882,	-107,	-1520
utime: 9011488932
accel[0, 1, 2]:        8068,	2956,	8772
gyro[0, 1, 2]:         207,	2155,	-2491
utime: 9011538994
accel[0, 1, 2]:        -1728,	2324,	17092
gyro[0, 1, 2]:         -414,	2119,	-2366
utime: 9011589036
accel[0, 1, 2]:        608,	320,	15620
gyro[0, 1, 2]:         -235,	374,	-1808
utime: 9011639085
accel[0, 1, 2]:        1536,	1284,	15652
gyro[0, 1, 2]:         -188,	-198,	-1544
utime: 9011689137
accel[0, 1, 2]:        596,	1476,	13936
gyro[0, 1, 2]:         263,	-27,	-415
utime: 9011739193
accel[0, 1, 2]:        580,	540,	14944
gyro[0, 1, 2]:         171,	583,	-502
utime: 9011789232
accel[0, 1, 2]:        -1580,	-1560,	15912
gyro[0, 1, 2]:         -93,	603,	169
utime: 9011839299
accel[0, 1, 2]:        2504,	-1188,	19132
gyro[0, 1, 2]:         -647,	260,	-361
utime: 9011889328
accel[0, 1, 2]:        -2608,	-756,	13480
gyro[0, 1, 2]:         -664,	-470,	-1584
utime: 9011939378
accel[0, 1, 2]:        -5180,	264,	16828
gyro[0, 1, 2]:         -754,	-589,	-1066
utime: 9011989447
accel[0, 1, 2]:        -1484,	-64,	16824
gyro[0, 1, 2]:         -1017,	818,	-1468
utime: 9012039494
accel[0, 1, 2]:        -548,	464,	15396
gyro[0, 1, 2]:         54,	676,	-1626
utime: 9012089548
accel[0, 1, 2]:        -1992,	-28,	17296
gyro[0, 1, 2]:         -358,	448,	-968
utime: 9012139597
accel[0, 1, 2]:        1864,	-1180,	16072
gyro[0, 1, 2]:         -524,	393,	-529
utime: 9012189636
accel[0, 1, 2]:        -1056,	-72,	17368
gyro[0, 1, 2]:         -297,	693,	-417
utime: 9012239692
accel[0, 1, 2]:        348,	-684,	17896
gyro[0, 1, 2]:         -540,	444,	-1050
utime: 9012289742
accel[0, 1, 2]:        -272,	-536,	22784
gyro[0, 1, 2]:         378,	1072,	-1748
utime: 9012339786
accel[0, 1, 2]:        2056,	-1384,	13284
gyro[0, 1, 2]:         -99,	280,	-1281
utime: 9012389835
accel[0, 1, 2]:        -1036,	-472,	16460
gyro[0, 1, 2]:         184,	-258,	-1400
utime: 9012439887
accel[0, 1, 2]:        24,	732,	15276
gyro[0, 1, 2]:         -392,	-604,	-1500
utime: 9012489942
accel[0, 1, 2]:        1320,	-2820,	17304
gyro[0, 1, 2]:         -387,	1078,	-1902
utime: 9012539990
accel[0, 1, 2]:        1136,	784,	15548
gyro[0, 1, 2]:         -148,	109,	-1131
utime: 9012590045
accel[0, 1, 2]:        5248,	3460,	10092
gyro[0, 1, 2]:         74,	-959,	-157
utime: 9012640087
accel[0, 1, 2]:        -164,	1092,	14672
gyro[0, 1, 2]:         -371,	-887,	-325
utime: 9012690154
accel[0, 1, 2]:        4304,	-4584,	15776
gyro[0, 1, 2]:         555,	-1607,	617
utime: 9012740214
accel[0, 1, 2]:        5192,	-2720,	14160
gyro[0, 1, 2]:         -288,	-1038,	306
utime: 9012790263
accel[0, 1, 2]:        -928,	744,	13640
gyro[0, 1, 2]:         -108,	364,	-921
utime: 9012840310
accel[0, 1, 2]:        1464,	-1728,	17620
gyro[0, 1, 2]:         755,	682,	-596
utime: 9012890425
accel[0, 1, 2]:        1712,	392,	16148
gyro[0, 1, 2]:         430,	-134,	-654
utime: 9012940485
accel[0, 1, 2]:        -1452,	936,	17228
gyro[0, 1, 2]:         -423,	-569,	-793
utime: 9012990551
accel[0, 1, 2]:        -1840,	-688,	17112
gyro[0, 1, 2]:         -812,	101,	-1015
utime: 9013040601
accel[0, 1, 2]:        -3856,	-560,	16932
gyro[0, 1, 2]:         -505,	31,	-880
utime: 9013090656
accel[0, 1, 2]:        1744,	168,	15332
gyro[0, 1, 2]:         -383,	47,	-385
utime: 9013140699
accel[0, 1, 2]:        -1116,	632,	19024
gyro[0, 1, 2]:         426,	869,	-309
utime: 9013190749
accel[0, 1, 2]:        -796,	1528,	15644
gyro[0, 1, 2]:         -440,	776,	348
utime: 9013240808
accel[0, 1, 2]:        1504,	160,	15080
gyro[0, 1, 2]:         200,	416,	396
utime: 9013290868
accel[0, 1, 2]:        -564,	2240,	17352
gyro[0, 1, 2]:         -491,	1168,	-1014
utime: 9013340904
accel[0, 1, 2]:        -1388,	1376,	17152
gyro[0, 1, 2]:         -212,	590,	-700
utime: 9013390977
accel[0, 1, 2]:        792,	-3240,	17576
gyro[0, 1, 2]:         -782,	594,	-357
utime: 9013441024
accel[0, 1, 2]:        900,	-3868,	14976
gyro[0, 1, 2]:         -215,	-940,	-524
utime: 9013491077
accel[0, 1, 2]:        -976,	-1436,	18188
gyro[0, 1, 2]:         -45,	766,	-781
utime: 9013541132
accel[0, 1, 2]:        -564,	-916,	13896
gyro[0, 1, 2]:         -1175,	-645,	-1760
utime: 9013591179
accel[0, 1, 2]:        2028,	1328,	10880
gyro[0, 1, 2]:         -211,	-1333,	-1777
utime: 9013641241
accel[0, 1, 2]:        -5400,	-1132,	12192
gyro[0, 1, 2]:         -978,	-923,	-925
utime: 9013691283
accel[0, 1, 2]:        496,	428,	11708
gyro[0, 1, 2]:         -143,	260,	-644
utime: 9013741339
accel[0, 1, 2]:        3100,	-1564,	17548
gyro[0, 1, 2]:         701,	1073,	465
utime: 9013791386
accel[0, 1, 2]:        -1056,	116,	13864
gyro[0, 1, 2]:         -334,	-32,	-565
utime: 9013841440
accel[0, 1, 2]:        928,	-420,	15616
gyro[0, 1, 2]:         90,	-440,	-1104
utime: 9013891490
accel[0, 1, 2]:        1784,	-2820,	16920
gyro[0, 1, 2]:         197,	975,	-678
utime: 9013941532
accel[0, 1, 2]:        636,	-2700,	12492
gyro[0, 1, 2]:         -32,	172,	-897
utime: 9013991591
accel[0, 1, 2]:        1252,	716,	14456
gyro[0, 1, 2]:         -1119,	-915,	-382
utime: 9014041643
accel[0, 1, 2]:        -2664,	1008,	13816
gyro[0, 1, 2]:         -722,	-247,	-2187
utime: 9014091696
accel[0, 1, 2]:        -2540,	556,	17544
gyro[0, 1, 2]:         -417,	-213,	-1910
utime: 9014142866
accel[0, 1, 2]:        292,	-440,	11824
gyro[0, 1, 2]:         -292,	-320,	-378
utime: 9014192936
accel[0, 1, 2]:        -2080,	1260,	17424
gyro[0, 1, 2]:         -253,	-524,	739
utime: 9014242983
accel[0, 1, 2]:        -2748,	-2412,	16888
gyro[0, 1, 2]:         -118,	181,	366
utime: 9014293030
accel[0, 1, 2]:        3508,	3600,	17256
gyro[0, 1, 2]:         250,	1226,	114
utime: 9014343106
accel[0, 1, 2]:        5940,	-736,	12072
gyro[0, 1, 2]:         -84,	-155,	-1030
utime: 9014393177
accel[0, 1, 2]:        -716,	208,	15852
gyro[0, 1, 2]:         -242,	2742,	-17968
utime: 9014443231
accel[0, 1, 2]:        -1712,	-2744,	16408
gyro[0, 1, 2]:         410,	-5858,	-22595
utime: 9014493277
accel[0, 1, 2]:        -5068,	-800,	17480
gyro[0, 1, 2]:         -115,	392,	-19373
utime: 9014543335
accel[0, 1, 2]:        -1008,	-1244,	18140
gyro[0, 1, 2]:         499,	595,	-17763
utime: 9014593391
accel[0, 1, 2]:        744,	1144,	16156
gyro[0, 1, 2]:         -144,	-258,	-15548
utime: 9014643429
accel[0, 1, 2]:        1300,	-500,	16584
gyro[0, 1, 2]:         64,	315,	-14545
utime: 9014693478
accel[0, 1, 2]:        -2120,	732,	15044
gyro[0, 1, 2]:         168,	339,	-13079
utime: 9014743532
accel[0, 1, 2]:        -896,	-1100,	19212
gyro[0, 1, 2]:         -274,	22,	-12397
utime: 9014793580
accel[0, 1, 2]:        724,	-1292,	16724
gyro[0, 1, 2]:         -496,	-710,	-12190
utime: 9014843627
accel[0, 1, 2]:        -1892,	-1068,	16516
gyro[0, 1, 2]:         -223,	-515,	-12983
utime: 9014893710
accel[0, 1, 2]:        -296,	256,	17148
gyro[0, 1, 2]:         118,	-8,	-12984
utime: 9014943824
accel[0, 1, 2]:        -448,	-1084,	17072
gyro[0, 1, 2]:         -233,	-361,	-14169
utime: 9014993944
accel[0, 1, 2]:        1208,	-428,	15080
gyro[0, 1, 2]:         58,	-99,	-4651
utime: 9015043983
accel[0, 1, 2]:        1208,	-1428,	17168
gyro[0, 1, 2]:         -649,	-137,	-1835
utime: 9015094027
accel[0, 1, 2]:        680,	-652,	16428
gyro[0, 1, 2]:         -234,	274,	-785
utime: 9015144062
accel[0, 1, 2]:        216,	-808,	17004
gyro[0, 1, 2]:         25,	57,	-523
utime: 9015194102
accel[0, 1, 2]:        -4928,	2180,	14564
gyro[0, 1, 2]:         -920,	-389,	-1161
utime: 9015244148
accel[0, 1, 2]:        2196,	-424,	17736
gyro[0, 1, 2]:         -20,	798,	-1699
utime: 9015294203
accel[0, 1, 2]:        -1300,	-600,	17572
gyro[0, 1, 2]:         153,	-138,	-1438
utime: 9015344250
accel[0, 1, 2]:        2416,	1140,	15228
gyro[0, 1, 2]:         -413,	231,	-1781
utime: 9015394280
accel[0, 1, 2]:        4744,	972,	13648
gyro[0, 1, 2]:         -169,	-378,	-1867
utime: 9015444314
accel[0, 1, 2]:        -4380,	176,	17080
gyro[0, 1, 2]:         -83,	187,	-1715
utime: 9015494359
accel[0, 1, 2]:        1444,	-2864,	16284
gyro[0, 1, 2]:         -1499,	-636,	-2251
utime: 9015544396
accel[0, 1, 2]:        -516,	-2412,	15020
gyro[0, 1, 2]:         -208,	797,	-1315
utime: 9015594430
accel[0, 1, 2]:        -1964,	-1040,	17236
gyro[0, 1, 2]:         -1,	25,	-1682
utime: 9015644475
accel[0, 1, 2]:        -3840,	576,	17816
gyro[0, 1, 2]:         -955,	-143,	-431
utime: 9015694539
accel[0, 1, 2]:        -2648,	-1368,	15328
gyro[0, 1, 2]:         -402,	-446,	26
utime: 9015744566
accel[0, 1, 2]:        -2852,	1972,	15664
gyro[0, 1, 2]:         -235,	402,	-340
utime: 9015794593
accel[0, 1, 2]:        -900,	996,	15052
gyro[0, 1, 2]:         -529,	-130,	-178
utime: 9015844641
accel[0, 1, 2]:        -2204,	-628,	18508
gyro[0, 1, 2]:         -261,	996,	-258
utime: 9015894725
accel[0, 1, 2]:        -2996,	1348,	19540
gyro[0, 1, 2]:         -266,	-274,	-780
utime: 9015944785
accel[0, 1, 2]:        3648,	-2928,	17200
gyro[0, 1, 2]:         812,	884,	988
utime: 9015994881
accel[0, 1, 2]:        -3724,	1176,	20104
gyro[0, 1, 2]:         -469,	-327,	-185
utime: 9016044988
accel[0, 1, 2]:        -2496,	1360,	13404
gyro[0, 1, 2]:         -1119,	-1202,	-108
utime: 9016095051
accel[0, 1, 2]:        -792,	716,	18484
gyro[0, 1, 2]:         -381,	-377,	-188
utime: 9016145142
accel[0, 1, 2]:        3256,	512,	13196
gyro[0, 1, 2]:         327,	-1359,	14
utime: 9016195241
accel[0, 1, 2]:        -1528,	156,	16540
gyro[0, 1, 2]:         -950,	-523,	290
utime: 9016245311
accel[0, 1, 2]:        -2984,	1720,	23576
gyro[0, 1, 2]:         31,	1349,	-1154
utime: 9016295378
accel[0, 1, 2]:        3868,	660,	15856
gyro[0, 1, 2]:         -425,	1229,	-1239
utime: 9016345449
accel[0, 1, 2]:        -1980,	2860,	14896
gyro[0, 1, 2]:         -488,	-49,	-973
utime: 9016395523
accel[0, 1, 2]:        -1220,	856,	18928
gyro[0, 1, 2]:         -579,	553,	-1182
utime: 9016445623
accel[0, 1, 2]:        -4516,	-124,	17372
gyro[0, 1, 2]:         -269,	-2570,	-1677
utime: 9016495692
accel[0, 1, 2]:        -6204,	-504,	17908
gyro[0, 1, 2]:         95,	1167,	-1180
utime: 9016545862
accel[0, 1, 2]:        -180,	-440,	12700
gyro[0, 1, 2]:         -582,	1636,	-1266
utime: 9016595958
accel[0, 1, 2]:        1632,	760,	13696
gyro[0, 1, 2]:         -485,	-990,	-1972
utime: 9016645995
accel[0, 1, 2]:        1252,	-464,	14676
gyro[0, 1, 2]:         -172,	-492,	-2493
utime: 9016696107
accel[0, 1, 2]:        -2148,	-2004,	21504
gyro[0, 1, 2]:         -277,	594,	-1477
utime: 9016746237
accel[0, 1, 2]:        -484,	944,	14592
gyro[0, 1, 2]:         -269,	-236,	-1722
utime: 9016796309
accel[0, 1, 2]:        -560,	-64,	16308
gyro[0, 1, 2]:         -376,	-243,	-1564
utime: 9016846385
accel[0, 1, 2]:        -4092,	-556,	20788
gyro[0, 1, 2]:         216,	1193,	-924
utime: 9016896448
accel[0, 1, 2]:        -620,	-280,	15180
gyro[0, 1, 2]:         -945,	48,	-455
utime: 9016946591
accel[0, 1, 2]:        -1552,	220,	18412
gyro[0, 1, 2]:         20,	169,	-1213
utime: 9016996637
accel[0, 1, 2]:        -3060,	356,	15444
gyro[0, 1, 2]:         -381,	-836,	-543
utime: 9017046702
accel[0, 1, 2]:        -384,	1724,	16416
gyro[0, 1, 2]:         -690,	-665,	-758
utime: 9017096804
accel[0, 1, 2]:        -520,	-616,	16128
gyro[0, 1, 2]:         132,	184,	-745
utime: 9017146892
accel[0, 1, 2]:        -644,	2908,	9960
gyro[0, 1, 2]:         20,	117,	-720
utime: 9017196995
accel[0, 1, 2]:        2520,	-1680,	13976
gyro[0, 1, 2]:         -638,	-757,	-160
utime: 9017247066
accel[0, 1, 2]:        1204,	2648,	15128
gyro[0, 1, 2]:         -148,	-158,	-1021
utime: 9017297209
accel[0, 1, 2]:        -220,	2464,	13760
gyro[0, 1, 2]:         -319,	-471,	-1161
utime: 9017347268
accel[0, 1, 2]:        -1532,	-368,	13236
gyro[0, 1, 2]:         -79,	-807,	-365
utime: 9017397319
accel[0, 1, 2]:        1816,	-892,	15340
gyro[0, 1, 2]:         -93,	-47,	-170
utime: 9017447441
accel[0, 1, 2]:        -2744,	-816,	15992
gyro[0, 1, 2]:         -450,	11,	-178
utime: 9017497629
accel[0, 1, 2]:        1156,	-244,	17052
gyro[0, 1, 2]:         -18,	859,	-177
utime: 9017547702
accel[0, 1, 2]:        2628,	-996,	16004
gyro[0, 1, 2]:         -94,	306,	-747
utime: 9017597748
accel[0, 1, 2]:        -2260,	3516,	17832
gyro[0, 1, 2]:         -775,	3305,	-18967
utime: 9017647792
accel[0, 1, 2]:        -456,	-1840,	14368
gyro[0, 1, 2]:         936,	-5693,	-22487
utime: 9017697864
accel[0, 1, 2]:        968,	120,	14544
gyro[0, 1, 2]:         -35,	91,	-16667
utime: 9017747940
accel[0, 1, 2]:        -292,	-780,	15572
gyro[0, 1, 2]:         -70,	-325,	-14561
utime: 9017797992
accel[0, 1, 2]:        1336,	468,	14908
gyro[0, 1, 2]:         209,	-526,	-13440
utime: 9017848100
accel[0, 1, 2]:        2300,	-364,	14612
gyro[0, 1, 2]:         151,	-156,	-12113
utime: 9017898177
accel[0, 1, 2]:        -3936,	-344,	17984
gyro[0, 1, 2]:         -185,	959,	-11274
utime: 9017948289
accel[0, 1, 2]:        -1216,	4320,	16836
gyro[0, 1, 2]:         1706,	2945,	-8862
utime: 9017998376
accel[0, 1, 2]:        -4992,	32,	17700
gyro[0, 1, 2]:         -118,	1088,	-10343
utime: 9018048519
accel[0, 1, 2]:        456,	1824,	17048
gyro[0, 1, 2]:         -210,	891,	-10177
utime: 9018098575
accel[0, 1, 2]:        -456,	-1216,	16436
gyro[0, 1, 2]:         212,	-84,	-11400
utime: 9018148615
accel[0, 1, 2]:        -264,	-896,	15040
gyro[0, 1, 2]:         245,	211,	-10432
utime: 9018200075
accel[0, 1, 2]:        4840,	-5992,	16264
gyro[0, 1, 2]:         107,	217,	561
utime: 9018250255
accel[0, 1, 2]:        452,	788,	15992
gyro[0, 1, 2]:         -657,	48,	201
utime: 9018300324
accel[0, 1, 2]:        1696,	-876,	15500
gyro[0, 1, 2]:         -355,	9,	-780
utime: 9018350372
accel[0, 1, 2]:        -88,	1816,	16572
gyro[0, 1, 2]:         -401,	-496,	-656
utime: 9018400433
accel[0, 1, 2]:        2540,	516,	17188
gyro[0, 1, 2]:         182,	49,	22
utime: 9018450490
accel[0, 1, 2]:        1092,	-588,	18528
gyro[0, 1, 2]:         66,	881,	422
utime: 9018500545
accel[0, 1, 2]:        124,	1464,	16536
gyro[0, 1, 2]:         -434,	159,	-769
utime: 9018550586
accel[0, 1, 2]:        -48,	1328,	12420
gyro[0, 1, 2]:         -939,	588,	-353
utime: 9018600634
accel[0, 1, 2]:        964,	-2428,	17240
gyro[0, 1, 2]:         -493,	487,	-276
utime: 9018650679
accel[0, 1, 2]:        -680,	808,	16024
gyro[0, 1, 2]:         -834,	-355,	-943
utime: 9018700735
accel[0, 1, 2]:        4088,	-460,	17692
gyro[0, 1, 2]:         -353,	-197,	-396
utime: 9018750781
accel[0, 1, 2]:        380,	276,	16772
gyro[0, 1, 2]:         -222,	131,	-649
utime: 9018800846
accel[0, 1, 2]:        -1460,	-420,	15436
gyro[0, 1, 2]:         -781,	34,	-1137
utime: 9018850916
accel[0, 1, 2]:        -368,	548,	16756
gyro[0, 1, 2]:         -385,	-348,	-933
utime: 9018900958
accel[0, 1, 2]:        -4700,	1784,	16084
gyro[0, 1, 2]:         -585,	-43,	-147
utime: 9018951005
accel[0, 1, 2]:        -3412,	-2076,	12636
gyro[0, 1, 2]:         101,	-574,	-205
utime: 9019001064
accel[0, 1, 2]:        -5632,	-332,	16820
gyro[0, 1, 2]:         -298,	440,	565
utime: 9019051203
accel[0, 1, 2]:        192,	-2024,	19060
gyro[0, 1, 2]:         -902,	1219,	-198
utime: 9019101270
accel[0, 1, 2]:        1280,	1636,	14856
gyro[0, 1, 2]:         -1380,	-278,	-1071
utime: 9019151314
accel[0, 1, 2]:        512,	920,	13956
gyro[0, 1, 2]:         -456,	-400,	-1626
utime: 9019201365
accel[0, 1, 2]:        -2032,	-96,	16640
gyro[0, 1, 2]:         -1210,	-751,	-1969
utime: 9019251419
accel[0, 1, 2]:        120,	-2332,	15764
gyro[0, 1, 2]:         -62,	65,	-721
utime: 9019301466
accel[0, 1, 2]:        -3528,	-176,	17188
gyro[0, 1, 2]:         -249,	601,	-903
utime: 9019351516
accel[0, 1, 2]:        560,	-144,	13824
gyro[0, 1, 2]:         -187,	-295,	-1025
utime: 9019401574
accel[0, 1, 2]:        4040,	2312,	9172
gyro[0, 1, 2]:         -1208,	-1081,	-385
utime: 9019451621
accel[0, 1, 2]:        7640,	380,	15444
gyro[0, 1, 2]:         774,	6,	-1185
utime: 9019501673
accel[0, 1, 2]:        -2872,	2888,	16224
gyro[0, 1, 2]:         -423,	-338,	-1113
utime: 9019551720
accel[0, 1, 2]:        -2388,	1440,	16296
gyro[0, 1, 2]:         -432,	0,	-871
utime: 9019601798
accel[0, 1, 2]:        340,	388,	18552
gyro[0, 1, 2]:         -666,	-761,	-1214
utime: 9019651854
accel[0, 1, 2]:        1768,	-2760,	19356
gyro[0, 1, 2]:         -65,	1022,	-1042
utime: 9019701911
accel[0, 1, 2]:        -732,	-256,	12656
gyro[0, 1, 2]:         -752,	-375,	-941
utime: 9019751967
accel[0, 1, 2]:        660,	536,	14372
gyro[0, 1, 2]:         -708,	-803,	-696
utime: 9019802058
accel[0, 1, 2]:        104,	44,	16484
gyro[0, 1, 2]:         256,	928,	-851
utime: 9019852109
accel[0, 1, 2]:        764,	-10008,	13804
gyro[0, 1, 2]:         -525,	-3133,	-11
utime: 9019902160
accel[0, 1, 2]:        -2388,	1548,	16388
gyro[0, 1, 2]:         -437,	-538,	-521
utime: 9019952228
accel[0, 1, 2]:        752,	-1008,	17716
gyro[0, 1, 2]:         50,	529,	-639
utime: 9020002287
accel[0, 1, 2]:        -76,	-764,	18488
gyro[0, 1, 2]:         -187,	545,	-334
utime: 9020052335
accel[0, 1, 2]:        336,	2980,	15760
gyro[0, 1, 2]:         586,	130,	-1268
utime: 9020102379
accel[0, 1, 2]:        -536,	408,	16876
gyro[0, 1, 2]:         -46,	329,	-604
utime: 9020152437
accel[0, 1, 2]:        -1756,	476,	18032
gyro[0, 1, 2]:         -371,	233,	-1010
utime: 9020202482
accel[0, 1, 2]:        1640,	-1360,	20216
gyro[0, 1, 2]:         9,	-440,	-1183
utime: 9020252599
accel[0, 1, 2]:        -604,	712,	15280
gyro[0, 1, 2]:         -677,	313,	-1552
utime: 9020302699
accel[0, 1, 2]:        -20,	-300,	18644
gyro[0, 1, 2]:         -159,	34,	-2135
utime: 9020352759
accel[0, 1, 2]:        -1620,	928,	14348
gyro[0, 1, 2]:         -265,	-445,	-886
utime: 9020402807
accel[0, 1, 2]:        -692,	-1768,	15992
gyro[0, 1, 2]:         54,	-38,	-1066
utime: 9020452910
accel[0, 1, 2]:        324,	472,	14256
gyro[0, 1, 2]:         -354,	-517,	-73
utime: 9020503033
accel[0, 1, 2]:        -724,	1284,	16260
gyro[0, 1, 2]:         -777,	274,	-966
utime: 9020553092
accel[0, 1, 2]:        1108,	620,	10416
gyro[0, 1, 2]:         227,	131,	-814
utime: 9020603215
accel[0, 1, 2]:        788,	-1204,	16524
gyro[0, 1, 2]:         -333,	474,	-380
utime: 9020653276
accel[0, 1, 2]:        -2696,	840,	18932
gyro[0, 1, 2]:         -1224,	-122,	402
utime: 9020703396
accel[0, 1, 2]:        -676,	-652,	17300
gyro[0, 1, 2]:         362,	-608,	-550
utime: 9020753496
accel[0, 1, 2]:        652,	-784,	16208
gyro[0, 1, 2]:         -914,	-610,	-106
utime: 9020803585
accel[0, 1, 2]:        4516,	-1128,	17668
gyro[0, 1, 2]:         11,	-412,	558
utime: 9020853643
accel[0, 1, 2]:        -488,	-920,	15740
gyro[0, 1, 2]:         557,	486,	-74
utime: 9020903716
accel[0, 1, 2]:        -548,	1992,	16300
gyro[0, 1, 2]:         -352,	-392,	57
utime: 9020953784
accel[0, 1, 2]:        3436,	-2092,	17940
gyro[0, 1, 2]:         -335,	-1141,	-125
utime: 9021003868
accel[0, 1, 2]:        396,	28,	20368
gyro[0, 1, 2]:         -265,	-293,	-441
utime: 9021053927
accel[0, 1, 2]:        -2836,	-292,	18076
gyro[0, 1, 2]:         -389,	82,	-577
utime: 9021104036
accel[0, 1, 2]:        -2916,	-984,	12792
gyro[0, 1, 2]:         -600,	-768,	-375
utime: 9021154134
accel[0, 1, 2]:        -1656,	792,	16772
gyro[0, 1, 2]:         290,	701,	280
utime: 9021205497
accel[0, 1, 2]:        -568,	2216,	18252
gyro[0, 1, 2]:         -873,	-877,	-413
utime: 9021255548
accel[0, 1, 2]:        -2932,	1236,	17084
gyro[0, 1, 2]:         -1011,	-301,	-662
utime: 9021305722
accel[0, 1, 2]:        1740,	-152,	16300
gyro[0, 1, 2]:         -686,	666,	-1933
utime: 9021355772
accel[0, 1, 2]:        1344,	1272,	15580
gyro[0, 1, 2]:         -197,	434,	-1418
utime: 9021405821
accel[0, 1, 2]:        -1720,	-1020,	16984
gyro[0, 1, 2]:         -438,	378,	-768
utime: 9021455866
accel[0, 1, 2]:        9028,	-4644,	7100
gyro[0, 1, 2]:         172,	2307,	-1328
utime: 9021505901
accel[0, 1, 2]:        4708,	-2588,	15152
gyro[0, 1, 2]:         -207,	302,	455
utime: 9021555949
accel[0, 1, 2]:        -1180,	-1024,	18688
gyro[0, 1, 2]:         -930,	569,	111
utime: 9021605981
accel[0, 1, 2]:        2076,	-128,	16328
gyro[0, 1, 2]:         -472,	-597,	-1038
utime: 9021656027
accel[0, 1, 2]:        -544,	-548,	12924
gyro[0, 1, 2]:         -121,	-462,	-428
utime: 9021706064
accel[0, 1, 2]:        124,	916,	17276
gyro[0, 1, 2]:         -188,	532,	170
utime: 9021756093
accel[0, 1, 2]:        -5320,	1896,	19144
gyro[0, 1, 2]:         -463,	-27,	-82
utime: 9021806134
accel[0, 1, 2]:        1716,	-1884,	11500
gyro[0, 1, 2]:         144,	-616,	-893
utime: 9021856189
accel[0, 1, 2]:        2928,	-1080,	14488
gyro[0, 1, 2]:         -1128,	76,	-1593
utime: 9021906246
accel[0, 1, 2]:        3572,	1252,	9636
gyro[0, 1, 2]:         -947,	-2162,	-3187
utime: 9021956321
accel[0, 1, 2]:        -2944,	-1472,	18332
gyro[0, 1, 2]:         -126,	-540,	-2118
utime: 9022006368
accel[0, 1, 2]:        -252,	-924,	16140
gyro[0, 1, 2]:         -373,	318,	-1732
utime: 9022056406
accel[0, 1, 2]:        356,	-1748,	13060
gyro[0, 1, 2]:         -356,	1683,	-18483
utime: 9022106589
accel[0, 1, 2]:        -4068,	-10020,	19164
gyro[0, 1, 2]:         -221,	-2516,	-20357
utime: 9022156629
accel[0, 1, 2]:        -408,	-1600,	14304
gyro[0, 1, 2]:         -918,	-1894,	-14888
utime: 9022206667
accel[0, 1, 2]:        -784,	400,	16004
gyro[0, 1, 2]:         181,	232,	-15828
utime: 9022256705
accel[0, 1, 2]:        1568,	1740,	15512
gyro[0, 1, 2]:         -233,	-466,	-15205
utime: 9022306749
accel[0, 1, 2]:        -1480,	-244,	17140
gyro[0, 1, 2]:         -729,	77,	-12919
utime: 9022356779
accel[0, 1, 2]:        548,	-2844,	14580
gyro[0, 1, 2]:         99,	344,	-13329
utime: 9022406810
accel[0, 1, 2]:        -1444,	-28,	16448
gyro[0, 1, 2]:         -284,	410,	-12529
utime: 9022456857
accel[0, 1, 2]:        412,	828,	17260
gyro[0, 1, 2]:         185,	452,	-11704
utime: 9022506890
accel[0, 1, 2]:        -440,	-2032,	16580
gyro[0, 1, 2]:         104,	-116,	-12118
utime: 9022556930
accel[0, 1, 2]:        -456,	536,	15264
gyro[0, 1, 2]:         -304,	29,	-11602
utime: 9022606970
accel[0, 1, 2]:        844,	164,	15428
gyro[0, 1, 2]:         90,	-52,	-12511
utime: 9022656996
accel[0, 1, 2]:        4,	-1876,	16272
gyro[0, 1, 2]:         578,	124,	-2098
utime: 9022707055
accel[0, 1, 2]:        1892,	168,	15540
gyro[0, 1, 2]:         -289,	-33,	233
utime: 9022757153
accel[0, 1, 2]:        -516,	2872,	16624
gyro[0, 1, 2]:         -231,	308,	-710
utime: 9022807218
accel[0, 1, 2]:        312,	460,	16480
gyro[0, 1, 2]:         -759,	19,	-844
utime: 9022857288
accel[0, 1, 2]:        148,	660,	15964
gyro[0, 1, 2]:         -740,	-807,	-638
utime: 9022907396
accel[0, 1, 2]:        6676,	1284,	6792
gyro[0, 1, 2]:         -823,	-2529,	-1025
utime: 9022957466
accel[0, 1, 2]:        -1664,	-1144,	18560
gyro[0, 1, 2]:         -688,	-639,	1121
utime: 9023007563
accel[0, 1, 2]:        -1196,	-2020,	14220
gyro[0, 1, 2]:         -745,	-335,	-377
utime: 9023057695
accel[0, 1, 2]:        -3368,	1092,	17520
gyro[0, 1, 2]:         -342,	374,	-705
utime: 9023107802
accel[0, 1, 2]:        404,	564,	15424
gyro[0, 1, 2]:         -174,	344,	-421
utime: 9023157899
accel[0, 1, 2]:        -3076,	452,	16096
gyro[0, 1, 2]:         -505,	397,	-912
utime: 9023207947
accel[0, 1, 2]:        -244,	2372,	18532
gyro[0, 1, 2]:         -176,	738,	-1688
utime: 9023258048
accel[0, 1, 2]:        272,	1556,	11180
gyro[0, 1, 2]:         -142,	-272,	-1104
utime: 9023308121
accel[0, 1, 2]:        -10140,	3024,	18032
gyro[0, 1, 2]:         -7,	-530,	-158
utime: 9023358148
accel[0, 1, 2]:        -3644,	1004,	17696
gyro[0, 1, 2]:         -425,	-197,	-608
utime: 9023408240
accel[0, 1, 2]:        -424,	100,	15784
gyro[0, 1, 2]:         -1154,	462,	-649
utime: 9023458364
accel[0, 1, 2]:        -1468,	-1040,	17604
gyro[0, 1, 2]:         -422,	463,	-1623
utime: 9023508445
accel[0, 1, 2]:        -192,	-736,	16196
gyro[0, 1, 2]:         -470,	730,	-1126
utime: 9023558553
accel[0, 1, 2]:        -940,	-1228,	16404
gyro[0, 1, 2]:         5,	75,	-1019
utime: 9023608619
accel[0, 1, 2]:        4236,	-3164,	12008
gyro[0, 1, 2]:         956,	254,	-378
utime: 9023658743
accel[0, 1, 2]:        -7648,	-1996,	17372
gyro[0, 1, 2]:         -1685,	-788,	242
utime: 9023708822
accel[0, 1, 2]:        656,	-1936,	16880
gyro[0, 1, 2]:         -66,	-80,	-167
utime: 9023758877
accel[0, 1, 2]:        -80,	2028,	16684
gyro[0, 1, 2]:         -98,	-531,	-179
utime: 9023808964
accel[0, 1, 2]:        -2336,	1176,	16124
gyro[0, 1, 2]:         -481,	176,	354
utime: 9023859045
accel[0, 1, 2]:        1632,	1564,	17640
gyro[0, 1, 2]:         162,	-389,	187
utime: 9023909089
accel[0, 1, 2]:        1580,	-1772,	14668
gyro[0, 1, 2]:         -1030,	73,	-235
utime: 9023959259
accel[0, 1, 2]:        536,	2256,	20204
gyro[0, 1, 2]:         -1061,	26,	-1155
utime: 9024009348
accel[0, 1, 2]:        4052,	1100,	11692
gyro[0, 1, 2]:         6,	-484,	-941
utime: 9024059394
accel[0, 1, 2]:        -3052,	1536,	15928
gyro[0, 1, 2]:         -1092,	-420,	-850
utime: 9024109493
accel[0, 1, 2]:        -1520,	-816,	16524
gyro[0, 1, 2]:         -283,	330,	-273
utime: 9024159563
accel[0, 1, 2]:        -1244,	-672,	16852
gyro[0, 1, 2]:         7,	339,	-481
utime: 9024209655
accel[0, 1, 2]:        632,	1356,	16324
gyro[0, 1, 2]:         -534,	121,	-533
utime: 9024259730
accel[0, 1, 2]:        3052,	-84,	15344
gyro[0, 1, 2]:         288,	353,	-652
utime: 9024309813
accel[0, 1, 2]:        236,	-288,	18780
gyro[0, 1, 2]:         494,	756,	177
utime: 9024359905
accel[0, 1, 2]:        5736,	76,	15672
gyro[0, 1, 2]:         163,	901,	-76
utime: 9024409933
accel[0, 1, 2]:        -892,	-432,	16352
gyro[0, 1, 2]:         -1129,	-261,	367
utime: 9024460045
accel[0, 1, 2]:        -2592,	-1108,	17388
gyro[0, 1, 2]:         -994,	-268,	-939
utime: 9024510092
accel[0, 1, 2]:        3324,	644,	19428
gyro[0, 1, 2]:         -124,	-105,	-1373
utime: 9024560159
accel[0, 1, 2]:        1076,	472,	15764
gyro[0, 1, 2]:         53,	350,	-313
utime: 9024610237
accel[0, 1, 2]:        -4156,	-780,	13244
gyro[0, 1, 2]:         -290,	418,	-852
utime: 9024660301
accel[0, 1, 2]:        3144,	896,	15784
gyro[0, 1, 2]:         270,	-156,	154
utime: 9024710410
accel[0, 1, 2]:        -1128,	104,	15348
gyro[0, 1, 2]:         -52,	80,	10
utime: 9024760479
accel[0, 1, 2]:        -880,	-260,	16532
gyro[0, 1, 2]:         103,	651,	-709
utime: 9024810568
accel[0, 1, 2]:        -512,	228,	17992
gyro[0, 1, 2]:         327,	2203,	-332
utime: 9024860648
accel[0, 1, 2]:        -1896,	1904,	15676
gyro[0, 1, 2]:         184,	595,	-844
utime: 9024910785
accel[0, 1, 2]:        2808,	-2756,	15172
gyro[0, 1, 2]:         820,	237,	-709
utime: 9024960846
accel[0, 1, 2]:        -2356,	2468,	16536
gyro[0, 1, 2]:         -821,	-61,	154
utime: 9025010954
accel[0, 1, 2]:        -2832,	708,	16664
gyro[0, 1, 2]:         -510,	-231,	-852
utime: 9025061021
accel[0, 1, 2]:        -3328,	-184,	17528
gyro[0, 1, 2]:         -386,	-253,	-1013
utime: 9025111103
accel[0, 1, 2]:        1664,	-844,	18320
gyro[0, 1, 2]:         -275,	-357,	-699
utime: 9025161151
accel[0, 1, 2]:        -176,	-1236,	17456
gyro[0, 1, 2]:         -191,	357,	-819
utime: 9025211231
accel[0, 1, 2]:        -1532,	1116,	17260
gyro[0, 1, 2]:         -287,	289,	-978
utime: 9025261289
accel[0, 1, 2]:        192,	-648,	13548
gyro[0, 1, 2]:         -639,	3465,	-19587
utime: 9025311402
accel[0, 1, 2]:        1784,	-104,	13496
gyro[0, 1, 2]:         666,	-4715,	-22189
utime: 9025361512
accel[0, 1, 2]:        -800,	884,	11540
gyro[0, 1, 2]:         51,	78,	-18750
utime: 9025411680
accel[0, 1, 2]:        60,	-2620,	15428
gyro[0, 1, 2]:         408,	979,	-16419
utime: 9025461732
accel[0, 1, 2]:        -960,	-1180,	16996
gyro[0, 1, 2]:         -295,	-409,	-14395
utime: 9025511784
accel[0, 1, 2]:        -64,	392,	16204
gyro[0, 1, 2]:         -171,	510,	-13186
utime: 9025561998
accel[0, 1, 2]:        840,	-584,	15376
gyro[0, 1, 2]:         -124,	-295,	-13069
utime: 9025612075
accel[0, 1, 2]:        -744,	496,	15584
gyro[0, 1, 2]:         -275,	-141,	-12752
utime: 9025662176
accel[0, 1, 2]:        924,	580,	16452
gyro[0, 1, 2]:         -457,	353,	-14535
utime: 9025712242
accel[0, 1, 2]:        452,	-164,	15752
gyro[0, 1, 2]:         64,	-192,	-16112
utime: 9025762309
accel[0, 1, 2]:        1128,	-648,	15356
gyro[0, 1, 2]:         70,	212,	-17060
utime: 9025812408
accel[0, 1, 2]:        592,	464,	15280
gyro[0, 1, 2]:         321,	-110,	-17060
utime: 9025862480
accel[0, 1, 2]:        848,	-92,	16456
gyro[0, 1, 2]:         34,	620,	-4494
utime: 9025912587
accel[0, 1, 2]:        212,	1292,	16044
gyro[0, 1, 2]:         -938,	24,	-2147
utime: 9025962678
accel[0, 1, 2]:        160,	1128,	15628
gyro[0, 1, 2]:         -74,	-208,	-1592
utime: 9026012792
accel[0, 1, 2]:        -964,	124,	16708
gyro[0, 1, 2]:         -58,	-481,	-1122
utime: 9026062894
accel[0, 1, 2]:        1280,	-488,	15232
gyro[0, 1, 2]:         -259,	704,	-522
utime: 9026112990
accel[0, 1, 2]:        -1336,	1692,	17532
gyro[0, 1, 2]:         -146,	755,	-1223
utime: 9026163051
accel[0, 1, 2]:        -1384,	1480,	16296
gyro[0, 1, 2]:         -800,	173,	-1153
utime: 9026213117
accel[0, 1, 2]:        3684,	712,	15764
gyro[0, 1, 2]:         1097,	636,	-1365
utime: 9026263214
accel[0, 1, 2]:        520,	-1264,	17608
gyro[0, 1, 2]:         284,	-174,	-136
utime: 9026313293
accel[0, 1, 2]:        -468,	-2888,	15984
gyro[0, 1, 2]:         789,	513,	406
utime: 9026363391
accel[0, 1, 2]:        -1132,	184,	17320
gyro[0, 1, 2]:         -392,	-66,	128
utime: 9026413455
accel[0, 1, 2]:        4372,	-12,	15504
gyro[0, 1, 2]:         247,	221,	-568
utime: 9026463490
accel[0, 1, 2]:        104,	1296,	14348
gyro[0, 1, 2]:         46,	-351,	-957
utime: 9026513605
accel[0, 1, 2]:        464,	468,	16512
gyro[0, 1, 2]:         -1079,	83,	-1623
utime: 9026563802
accel[0, 1, 2]:        1196,	-996,	18440
gyro[0, 1, 2]:         -384,	184,	-1898
utime: 9026613889
accel[0, 1, 2]:        1356,	-800,	14224
gyro[0, 1, 2]:         133,	688,	-800
utime: 9026663960
accel[0, 1, 2]:        -108,	28,	15544
gyro[0, 1, 2]:         -154,	19,	-1717
utime: 9026714059
accel[0, 1, 2]:        -1080,	1904,	14536
gyro[0, 1, 2]:         -741,	-463,	-1554
utime: 9026764140
accel[0, 1, 2]:        -6044,	-1200,	15964
gyro[0, 1, 2]:         -840,	-1534,	-941
utime: 9026814192
accel[0, 1, 2]:        -704,	444,	20084
gyro[0, 1, 2]:         -75,	442,	-1249
utime: 9026864257
accel[0, 1, 2]:        1444,	1080,	15800
gyro[0, 1, 2]:         -326,	236,	-478
utime: 9026914386
accel[0, 1, 2]:        4664,	-1272,	16200
gyro[0, 1, 2]:         711,	1267,	-265
utime: 9026964491
accel[0, 1, 2]:        -1736,	-1488,	12564
gyro[0, 1, 2]:         -553,	-1018,	-438
utime: 9027014594
accel[0, 1, 2]:        -2604,	904,	16176
gyro[0, 1, 2]:         -984,	-3,	-1157
utime: 9027064645
accel[0, 1, 2]:        -2304,	1096,	19628
gyro[0, 1, 2]:         -790,	-773,	-1971
utime: 9027114676
accel[0, 1, 2]:        -2924,	-152,	18196
gyro[0, 1, 2]:         -823,	-317,	-1449
utime: 9027164768
accel[0, 1, 2]:        2940,	3724,	11412
gyro[0, 1, 2]:         -99,	-533,	-1697
utime: 9027214832
accel[0, 1, 2]:        -320,	-908,	23188
gyro[0, 1, 2]:         648,	2011,	-891
utime: 9027264932
accel[0, 1, 2]:        968,	-368,	13896
gyro[0, 1, 2]:         314,	217,	-580
utime: 9027314996
accel[0, 1, 2]:        704,	604,	15244
gyro[0, 1, 2]:         -600,	-675,	-468
utime: 9027365057
accel[0, 1, 2]:        -3468,	4424,	18152
gyro[0, 1, 2]:         -365,	596,	-4
utime: 9027415168
accel[0, 1, 2]:        -3096,	-1740,	16324
gyro[0, 1, 2]:         -337,	415,	-86
utime: 9027465262
accel[0, 1, 2]:        3040,	-1476,	17088
gyro[0, 1, 2]:         649,	348,	-418
utime: 9027515331
accel[0, 1, 2]:        2568,	-256,	15436
gyro[0, 1, 2]:         -781,	129,	-389
utime: 9027565388
accel[0, 1, 2]:        -412,	300,	16940
gyro[0, 1, 2]:         -275,	-395,	-1159
utime: 9027615454
accel[0, 1, 2]:        652,	-792,	16732
gyro[0, 1, 2]:         396,	953,	-913
utime: 9027665564
accel[0, 1, 2]:        -540,	3892,	15972
gyro[0, 1, 2]:         -823,	645,	-748
utime: 9027715620
accel[0, 1, 2]:        -2540,	-3296,	18312
gyro[0, 1, 2]:         -1171,	929,	-597
utime: 9027765710
accel[0, 1, 2]:        2560,	392,	16356
gyro[0, 1, 2]:         36,	683,	-618
utime: 9027815766
accel[0, 1, 2]:        5296,	552,	10424
gyro[0, 1, 2]:         -317,	-317,	29
utime: 9027865817
accel[0, 1, 2]:        -844,	-100,	17232
gyro[0, 1, 2]:         251,	413,	283
utime: 9027915898
accel[0, 1, 2]:        -800,	288,	17188
gyro[0, 1, 2]:         82,	868,	348
utime: 9027965998
accel[0, 1, 2]:        -756,	1624,	15368
gyro[0, 1, 2]:         -428,	213,	-177
utime: 9028016189
accel[0, 1, 2]:        160,	-724,	17148
gyro[0, 1, 2]:         -145,	166,	106
utime: 9028066261
accel[0, 1, 2]:        -1468,	-856,	16788
gyro[0, 1, 2]:         -565,	-947,	-1262
utime: 9028116452
accel[0, 1, 2]:        -3556,	-2148,	17772
gyro[0, 1, 2]:         -1807,	-858,	-1166
utime: 9028166564
accel[0, 1, 2]:        -820,	-432,	16252
gyro[0, 1, 2]:         -910,	753,	-2271
utime: 9028216660
accel[0, 1, 2]:        1904,	-144,	15532
gyro[0, 1, 2]:         -692,	23,	-1880
utime: 9028268067
accel[0, 1, 2]:        28,	-100,	11016
gyro[0, 1, 2]:         -647,	-1031,	-1493
utime: 9028318109
accel[0, 1, 2]:        -12376,	1420,	23216
gyro[0, 1, 2]:         424,	3360,	-1268
utime: 9028368149
accel[0, 1, 2]:        4892,	2572,	16808
gyro[0, 1, 2]:         394,	173,	-1500
utime: 9028418192
accel[0, 1, 2]:        -256,	1972,	19700
gyro[0, 1, 2]:         -440,	1327,	-347
utime: 9028468222
accel[0, 1, 2]:        388,	-896,	16116
gyro[0, 1, 2]:         99,	490,	-702
utime: 9028518322
accel[0, 1, 2]:        1060,	920,	14384
gyro[0, 1, 2]:         -558,	359,	-538
utime: 9028568373
accel[0, 1, 2]:        1584,	-544,	14080
gyro[0, 1, 2]:         559,	-887,	-878
utime: 9028618412
accel[0, 1, 2]:        2612,	448,	13968
gyro[0, 1, 2]:         -59,	-411,	-644
utime: 9028668443
accel[0, 1, 2]:        2192,	664,	16048
gyro[0, 1, 2]:         -695,	-45,	-1430
utime: 9028718475
accel[0, 1, 2]:        -1220,	-940,	15276
gyro[0, 1, 2]:         -449,	100,	-1983
utime: 9028768511
accel[0, 1, 2]:        620,	1932,	17220
gyro[0, 1, 2]:         -503,	-2478,	-2502
utime: 9028818556
accel[0, 1, 2]:        -172,	1092,	15280
gyro[0, 1, 2]:         -306,	-1658,	-1759
utime: 9028868591
accel[0, 1, 2]:        4028,	-144,	15952
gyro[0, 1, 2]:         911,	-623,	-920
utime: 9028918620
accel[0, 1, 2]:        -2756,	-128,	15888
gyro[0, 1, 2]:         -729,	-514,	376
utime: 9028968666
accel[0, 1, 2]:        2664,	3068,	15728
gyro[0, 1, 2]:         -450,	-149,	74
utime: 9029018699
accel[0, 1, 2]:        -1908,	428,	17580
gyro[0, 1, 2]:         -211,	-746,	-536
utime: 9029068733
accel[0, 1, 2]:        -2536,	1404,	14916
gyro[0, 1, 2]:         -877,	392,	-615
utime: 9029118761
accel[0, 1, 2]:        -540,	-2076,	15636
gyro[0, 1, 2]:         327,	435,	-622
utime: 9029168809
accel[0, 1, 2]:        904,	-716,	16084
gyro[0, 1, 2]:         -278,	1018,	-1393
utime: 9029218847
accel[0, 1, 2]:        3376,	-640,	16996
gyro[0, 1, 2]:         -1065,	-137,	-1284
utime: 9029268922
accel[0, 1, 2]:        -1248,	-1536,	18868
gyro[0, 1, 2]:         -312,	1572,	-1011
utime: 9029318958
accel[0, 1, 2]:        -2352,	1608,	14628
gyro[0, 1, 2]:         136,	855,	-1697
utime: 9029369003
accel[0, 1, 2]:        -3128,	-224,	16572
gyro[0, 1, 2]:         -827,	168,	-590
utime: 9029419151
accel[0, 1, 2]:        76,	-776,	17396
gyro[0, 1, 2]:         -418,	-425,	-1500
utime: 9029469185
accel[0, 1, 2]:        380,	1676,	14144
gyro[0, 1, 2]:         -999,	-1437,	-1912
utime: 9029519223
accel[0, 1, 2]:        6560,	528,	11880
gyro[0, 1, 2]:         522,	-403,	-869
utime: 9029569262
accel[0, 1, 2]:        -28,	252,	18552
gyro[0, 1, 2]:         -179,	1405,	-493
utime: 9029619315
accel[0, 1, 2]:        2052,	-4036,	14296
gyro[0, 1, 2]:         488,	-159,	-218
utime: 9029669397
accel[0, 1, 2]:        -3684,	1100,	20868
gyro[0, 1, 2]:         656,	920,	318
utime: 9029719492
accel[0, 1, 2]:        808,	4356,	12340
gyro[0, 1, 2]:         -733,	2925,	-19136
utime: 9029769575
accel[0, 1, 2]:        -460,	-2244,	13996
gyro[0, 1, 2]:         370,	-5124,	-22346
utime: 9029819647
accel[0, 1, 2]:        -6172,	9536,	21268
gyro[0, 1, 2]:         1455,	3815,	-17424
utime: 9029869712
accel[0, 1, 2]:        -272,	-5008,	11796
gyro[0, 1, 2]:         38,	359,	-14442
utime: 9029919782
accel[0, 1, 2]:        -4204,	-592,	16216
gyro[0, 1, 2]:         -709,	-261,	-11836
utime: 9029969945
accel[0, 1, 2]:        -720,	556,	17032
gyro[0, 1, 2]:         -18,	272,	-9946
utime: 9030020029
accel[0, 1, 2]:        -2408,	-1216,	17940
gyro[0, 1, 2]:         -401,	397,	-8746
utime: 9030070071
accel[0, 1, 2]:        -932,	172,	17168
gyro[0, 1, 2]:         -635,	74,	-6554
utime: 9030120157
accel[0, 1, 2]:        -788,	-2028,	16904
gyro[0, 1, 2]:         -120,	255,	-5957
utime: 9030170253
accel[0, 1, 2]:        96,	-1092,	16536
gyro[0, 1, 2]:         -427,	-30,	-3847
utime: 9030220320
accel[0, 1, 2]:        56,	2440,	16028
gyro[0, 1, 2]:         -155,	151,	-4253
utime: 9030270388
accel[0, 1, 2]:        -924,	-736,	16856
gyro[0, 1, 2]:         -429,	654,	1611
utime: 9030320470
accel[0, 1, 2]:        1060,	48,	16732
gyro[0, 1, 2]:         -335,	-130,	493
utime: 9030370580
accel[0, 1, 2]:        2524,	-1316,	15292
gyro[0, 1, 2]:         -284,	273,	-49
utime: 9030420703
accel[0, 1, 2]:        1412,	-1264,	17504
gyro[0, 1, 2]:         -48,	17,	472
utime: 9030470781
accel[0, 1, 2]:        -2488,	88,	17028
gyro[0, 1, 2]:         -869,	-467,	-466
utime: 9030520859
accel[0, 1, 2]:        940,	1684,	15616
gyro[0, 1, 2]:         -574,	376,	-1402
utime: 9030570945
accel[0, 1, 2]:        -1876,	-112,	15720
gyro[0, 1, 2]:         -1225,	-1463,	-2369
utime: 9030621057
accel[0, 1, 2]:        300,	-568,	16128
gyro[0, 1, 2]:         -640,	-935,	-1704
utime: 9030672708
accel[0, 1, 2]:        268,	1112,	16412
gyro[0, 1, 2]:         -195,	-424,	-1779
utime: 9030722741
accel[0, 1, 2]:        2180,	-1172,	15668
gyro[0, 1, 2]:         -512,	-719,	-2376
utime: 9030772790
accel[0, 1, 2]:        -1272,	228,	15580
gyro[0, 1, 2]:         73,	-15,	-1388
utime: 9030822830
accel[0, 1, 2]:        -3984,	932,	19068
gyro[0, 1, 2]:         -383,	-417,	-898
utime: 9030872868
accel[0, 1, 2]:        1936,	724,	15696
gyro[0, 1, 2]:         7,	160,	225
utime: 9030922907
accel[0, 1, 2]:        2368,	-136,	15332
gyro[0, 1, 2]:         208,	388,	308
utime: 9030972943
accel[0, 1, 2]:        756,	2112,	16784
gyro[0, 1, 2]:         380,	669,	-463
utime: 9031022984
accel[0, 1, 2]:        -2880,	740,	23704
gyro[0, 1, 2]:         317,	2264,	413
utime: 9031073033
accel[0, 1, 2]:        -4,	-2480,	16396
gyro[0, 1, 2]:         -1011,	798,	-397
utime: 9031123074
accel[0, 1, 2]:        -3968,	-2028,	15772
gyro[0, 1, 2]:         -130,	-694,	-2143
utime: 9031173104
accel[0, 1, 2]:        -152,	-300,	17164
gyro[0, 1, 2]:         -250,	279,	-1533
utime: 9031223133
accel[0, 1, 2]:        -5288,	2304,	13232
gyro[0, 1, 2]:         -1092,	-976,	-1294
utime: 9031273161
accel[0, 1, 2]:        4128,	1128,	11272
gyro[0, 1, 2]:         -369,	-186,	-1334
utime: 9031323211
accel[0, 1, 2]:        16,	-1048,	16756
gyro[0, 1, 2]:         21,	400,	-461
utime: 9031373240
accel[0, 1, 2]:        -1760,	2860,	15176
gyro[0, 1, 2]:         -255,	-131,	56
utime: 9031423289
accel[0, 1, 2]:        556,	-2012,	17976
gyro[0, 1, 2]:         57,	387,	577
utime: 9031473319
accel[0, 1, 2]:        2684,	1628,	19224
gyro[0, 1, 2]:         50,	904,	344
utime: 9031523375
accel[0, 1, 2]:        -916,	684,	17260
gyro[0, 1, 2]:         284,	170,	-334
utime: 9031573427
accel[0, 1, 2]:        920,	1120,	15764
gyro[0, 1, 2]:         -354,	-1505,	32
utime: 9031623473
accel[0, 1, 2]:        -716,	-660,	15688
gyro[0, 1, 2]:         -1053,	160,	629
utime: 9031673501
accel[0, 1, 2]:        -4604,	740,	18816
gyro[0, 1, 2]:         169,	-226,	-1329
utime: 9031723552
accel[0, 1, 2]:        -1860,	-960,	17896
gyro[0, 1, 2]:         -44,	165,	-436
utime: 9031773669
accel[0, 1, 2]:        -964,	484,	16188
gyro[0, 1, 2]:         -1052,	311,	-499
utime: 9031823703
accel[0, 1, 2]:        -2232,	-64,	19940
gyro[0, 1, 2]:         -287,	589,	-611
utime: 9031873741
accel[0, 1, 2]:        1408,	-1376,	15624
gyro[0, 1, 2]:         -301,	49,	51
utime: 9031923789
accel[0, 1, 2]:        -3352,	-548,	18212
gyro[0, 1, 2]:         -424,	911,	53
utime: 9031973821
accel[0, 1, 2]:        1880,	968,	14356
gyro[0, 1, 2]:         -146,	-432,	-131
utime: 9032023862
accel[0, 1, 2]:        236,	2888,	14328
gyro[0, 1, 2]:         31,	506,	140
utime: 9032073892
accel[0, 1, 2]:        -1204,	860,	16500
gyro[0, 1, 2]:         247,	794,	-662
utime: 9032123922
accel[0, 1, 2]:        1404,	-184,	18136
gyro[0, 1, 2]:         556,	75,	17
utime: 9032173955
accel[0, 1, 2]:        4160,	-140,	16352
gyro[0, 1, 2]:         -579,	-21,	87
utime: 9032223994
accel[0, 1, 2]:        -1016,	-940,	16620
gyro[0, 1, 2]:         45,	-546,	-1249
utime: 9032274041
accel[0, 1, 2]:        -1628,	-712,	15596
gyro[0, 1, 2]:         -524,	-83,	-810
utime: 9032324104
accel[0, 1, 2]:        -300,	628,	11984
gyro[0, 1, 2]:         -678,	-371,	-1062
utime: 9032374164
accel[0, 1, 2]:        -440,	-760,	17480
gyro[0, 1, 2]:         -574,	14,	-724
utime: 9032424257
accel[0, 1, 2]:        1828,	-740,	15620
gyro[0, 1, 2]:         -438,	998,	-853
utime: 9032474369
accel[0, 1, 2]:        1372,	-644,	19156
gyro[0, 1, 2]:         -228,	727,	-832
utime: 9032524445
accel[0, 1, 2]:        -3640,	1940,	15436
gyro[0, 1, 2]:         -116,	237,	-483
utime: 9032574497
accel[0, 1, 2]:        -1648,	1224,	18744
gyro[0, 1, 2]:         -565,	478,	96
utime: 9032624666
accel[0, 1, 2]:        3872,	576,	7712
gyro[0, 1, 2]:         412,	108,	-762
utime: 9032674696
accel[0, 1, 2]:        620,	1700,	14476
gyro[0, 1, 2]:         -233,	492,	34
utime: 9032724755
accel[0, 1, 2]:        -2984,	908,	17088
gyro[0, 1, 2]:         -593,	-263,	-767
utime: 9032774838
accel[0, 1, 2]:        2524,	-3396,	17444
gyro[0, 1, 2]:         -331,	-444,	-1043
utime: 9032824875
accel[0, 1, 2]:        -2724,	1516,	17524
gyro[0, 1, 2]:         -356,	459,	-1768
utime: 9032874979
accel[0, 1, 2]:        -436,	3180,	16444
gyro[0, 1, 2]:         -685,	3297,	-18713
utime: 9032925060
accel[0, 1, 2]:        -152,	-1508,	17092
gyro[0, 1, 2]:         715,	-4918,	-22150
utime: 9032975148
accel[0, 1, 2]:        3404,	-4848,	13872
gyro[0, 1, 2]:         379,	871,	-17341
utime: 9033025248
accel[0, 1, 2]:        -192,	-1692,	16924
gyro[0, 1, 2]:         222,	-3,	-15576
utime: 9033075365
accel[0, 1, 2]:        -380,	5388,	15216
gyro[0, 1, 2]:         506,	681,	-15223
utime: 9033125421
accel[0, 1, 2]:        3272,	68,	14752
gyro[0, 1, 2]:         -243,	404,	-13627
utime: 9033175468
accel[0, 1, 2]:        1704,	1836,	15036
gyro[0, 1, 2]:         710,	575,	-14801
utime: 9033225573
accel[0, 1, 2]:        12,	6408,	19892
gyro[0, 1, 2]:         -174,	-1029,	-14023
utime: 9033275677
accel[0, 1, 2]:        1300,	496,	16620
gyro[0, 1, 2]:         0,	-11,	-13821
utime: 9033325736
accel[0, 1, 2]:        -480,	2968,	20096
gyro[0, 1, 2]:         30,	142,	-14358
utime: 9033375820
accel[0, 1, 2]:        -332,	-296,	16404
gyro[0, 1, 2]:         -198,	34,	-13092
utime: 9033425872
accel[0, 1, 2]:        -72,	652,	15996
gyro[0, 1, 2]:         -265,	-284,	-11797
utime: 9033475983
accel[0, 1, 2]:        4136,	-380,	15576
gyro[0, 1, 2]:         387,	643,	-2357
utime: 9033526068
accel[0, 1, 2]:        -812,	-1092,	16112
gyro[0, 1, 2]:         -630,	-196,	-498
utime: 9033576157
accel[0, 1, 2]:        1592,	-296,	15784
gyro[0, 1, 2]:         -82,	-387,	-909
utime: 9033626356
accel[0, 1, 2]:        -660,	-76,	16256
gyro[0, 1, 2]:         -239,	165,	-838
utime: 9033676419
accel[0, 1, 2]:        -1560,	-248,	15744
gyro[0, 1, 2]:         -73,	507,	-381
utime: 9033726485
accel[0, 1, 2]:        1228,	-756,	15840
gyro[0, 1, 2]:         -499,	489,	-765
utime: 9033776566
accel[0, 1, 2]:        -2408,	-380,	17892
gyro[0, 1, 2]:         -382,	499,	-347
utime: 9033826637
accel[0, 1, 2]:        -1996,	484,	18156
gyro[0, 1, 2]:         -68,	138,	-196
utime: 9033876744
accel[0, 1, 2]:        -1548,	1816,	15016
gyro[0, 1, 2]:         -346,	-739,	-223
utime: 9033926823
accel[0, 1, 2]:        2208,	1248,	18460
gyro[0, 1, 2]:         43,	808,	-230
utime: 9033976893
accel[0, 1, 2]:        -636,	1200,	17552
gyro[0, 1, 2]:         253,	763,	320
utime: 9034026970
accel[0, 1, 2]:        -4300,	724,	17580
gyro[0, 1, 2]:         -696,	600,	-13
utime: 9034077046
accel[0, 1, 2]:        -192,	-68,	16480
gyro[0, 1, 2]:         -94,	754,	157
utime: 9034127160
accel[0, 1, 2]:        440,	-972,	16676
gyro[0, 1, 2]:         289,	505,	626
utime: 9034177297
accel[0, 1, 2]:        -1916,	-204,	17664
gyro[0, 1, 2]:         -360,	-840,	-180
utime: 9034227384
accel[0, 1, 2]:        -2524,	-3276,	15300
gyro[0, 1, 2]:         -1131,	-210,	414
utime: 9034277502
accel[0, 1, 2]:        2452,	136,	16320
gyro[0, 1, 2]:         -625,	225,	-536
utime: 9034327597
accel[0, 1, 2]:        500,	-1760,	17984
gyro[0, 1, 2]:         -441,	-327,	-781
utime: 9034377658
accel[0, 1, 2]:        -3608,	144,	16588
gyro[0, 1, 2]:         -646,	182,	-361
utime: 9034427738
accel[0, 1, 2]:        -872,	-72,	15852
gyro[0, 1, 2]:         -273,	-612,	-270
utime: 9034477800
accel[0, 1, 2]:        -2248,	-320,	19060
gyro[0, 1, 2]:         -242,	-49,	272
utime: 9034527891
accel[0, 1, 2]:        1076,	-880,	17776
gyro[0, 1, 2]:         -437,	631,	935
utime: 9034577990
accel[0, 1, 2]:        -1744,	-560,	16484
gyro[0, 1, 2]:         -394,	354,	152
utime: 9034628169
accel[0, 1, 2]:        -392,	116,	17296
gyro[0, 1, 2]:         484,	335,	36
utime: 9034678201
accel[0, 1, 2]:        -1540,	-204,	13460
gyro[0, 1, 2]:         -745,	403,	48
utime: 9034728293
accel[0, 1, 2]:        932,	1752,	16808
gyro[0, 1, 2]:         83,	-108,	-219
utime: 9034778334
accel[0, 1, 2]:        -1276,	-1040,	16512
gyro[0, 1, 2]:         -120,	333,	-320
utime: 9034828424
accel[0, 1, 2]:        2876,	1156,	19868
gyro[0, 1, 2]:         -268,	542,	-822
utime: 9034878511
accel[0, 1, 2]:        -1888,	200,	18820
gyro[0, 1, 2]:         -631,	-330,	-378
utime: 9034928556
accel[0, 1, 2]:        5648,	1804,	8204
gyro[0, 1, 2]:         628,	2633,	619
utime: 9034978625
accel[0, 1, 2]:        676,	-5904,	16772
gyro[0, 1, 2]:         -1614,	895,	718
utime: 9035028753
accel[0, 1, 2]:        -2884,	1684,	15836
gyro[0, 1, 2]:         -772,	641,	575
utime: 9035078849
accel[0, 1, 2]:        -16,	440,	17816
gyro[0, 1, 2]:         117,	460,	124
utime: 9035128902
accel[0, 1, 2]:        -2592,	2792,	15068
gyro[0, 1, 2]:         -271,	285,	-117
utime: 9035179012
accel[0, 1, 2]:        1508,	-820,	15900
gyro[0, 1, 2]:         -13,	956,	168
utime: 9035229095
accel[0, 1, 2]:        -1892,	1896,	15148
gyro[0, 1, 2]:         -50,	-602,	-537
utime: 9035279164
accel[0, 1, 2]:        -2736,	540,	14576
gyro[0, 1, 2]:         154,	-823,	-639
utime: 9035330698
accel[0, 1, 2]:        1376,	-1260,	17780
gyro[0, 1, 2]:         -1250,	424,	-978
utime: 9035380737
accel[0, 1, 2]:        -1440,	-616,	15792
gyro[0, 1, 2]:         -697,	-118,	-1514
utime: 9035430772
accel[0, 1, 2]:        -1672,	-2212,	16672
gyro[0, 1, 2]:         -553,	-406,	-760
utime: 9035480807
accel[0, 1, 2]:        -2288,	84,	18124
gyro[0, 1, 2]:         53,	836,	-131
utime: 9035530842
accel[0, 1, 2]:        -520,	-500,	14476
gyro[0, 1, 2]:         617,	391,	-317
utime: 9035580886
accel[0, 1, 2]:        -2612,	1072,	15944
gyro[0, 1, 2]:         -866,	-1026,	-726
utime: 9035630930
accel[0, 1, 2]:        -2896,	-4744,	20016
gyro[0, 1, 2]:         -788,	-70,	-1217
utime: 9035680968
accel[0, 1, 2]:        -4132,	-128,	13540
gyro[0, 1, 2]:         -3,	251,	-705
utime: 9035731017
accel[0, 1, 2]:        -1564,	-1884,	19968
gyro[0, 1, 2]:         1263,	1978,	-564
utime: 9035781055
accel[0, 1, 2]:        6264,	-3416,	9100
gyro[0, 1, 2]:         -141,	1366,	-70
utime: 9035831087
accel[0, 1, 2]:        -5972,	-3136,	21508
gyro[0, 1, 2]:         -1661,	1146,	-235
utime: 9035881137
accel[0, 1, 2]:        1880,	736,	15784
gyro[0, 1, 2]:         -112,	745,	-1746
utime: 9035931170
accel[0, 1, 2]:        -1328,	-772,	16116
gyro[0, 1, 2]:         -495,	-23,	-1097
utime: 9035981203
accel[0, 1, 2]:        1760,	-1552,	17376
gyro[0, 1, 2]:         -602,	-169,	-1285
utime: 9036031245
accel[0, 1, 2]:        -428,	1828,	15756
gyro[0, 1, 2]:         316,	-2117,	-576
utime: 9036081281
accel[0, 1, 2]:        -3152,	-180,	18896
gyro[0, 1, 2]:         -1222,	-228,	-347
utime: 9036131325
accel[0, 1, 2]:        -880,	-1564,	17556
gyro[0, 1, 2]:         -121,	74,	-609
utime: 9036181351
accel[0, 1, 2]:        420,	-448,	16556
gyro[0, 1, 2]:         -528,	297,	-546
utime: 9036231379
accel[0, 1, 2]:        7036,	-808,	14824
gyro[0, 1, 2]:         825,	175,	-98
utime: 9036281426
accel[0, 1, 2]:        88,	-380,	14920
gyro[0, 1, 2]:         -312,	-198,	-155
utime: 9036331456
accel[0, 1, 2]:        476,	-4,	15736
gyro[0, 1, 2]:         -571,	-737,	-964
utime: 9036381500
accel[0, 1, 2]:        5856,	1364,	9860
gyro[0, 1, 2]:         -1244,	-1622,	-821
utime: 9036431545
accel[0, 1, 2]:        -2836,	2124,	13212
gyro[0, 1, 2]:         -156,	-458,	-459
utime: 9036481586
accel[0, 1, 2]:        472,	-2208,	13676
gyro[0, 1, 2]:         384,	188,	-391
utime: 9036531723
accel[0, 1, 2]:        -1576,	-12,	16384
gyro[0, 1, 2]:         134,	-1165,	-437
utime: 9036581750
accel[0, 1, 2]:        1212,	1872,	15404
gyro[0, 1, 2]:         141,	578,	16
utime: 9036631777
accel[0, 1, 2]:        -316,	800,	17152
gyro[0, 1, 2]:         -411,	-33,	-434
utime: 9036681821
accel[0, 1, 2]:        -1676,	-180,	16404
gyro[0, 1, 2]:         -225,	-147,	-122
utime: 9036731871
accel[0, 1, 2]:        1568,	1904,	15388
gyro[0, 1, 2]:         -310,	564,	-227
utime: 9036781898
accel[0, 1, 2]:        880,	-1020,	15812
gyro[0, 1, 2]:         103,	420,	-720
utime: 9036831990
accel[0, 1, 2]:        6276,	-1012,	13268
gyro[0, 1, 2]:         52,	194,	-495
utime: 9036882043
accel[0, 1, 2]:        2596,	-284,	10844
gyro[0, 1, 2]:         -899,	-820,	-1347
utime: 9036932118
accel[0, 1, 2]:        -596,	1488,	16544
gyro[0, 1, 2]:         -695,	718,	-1789
utime: 9036982181
accel[0, 1, 2]:        -332,	-104,	17564
gyro[0, 1, 2]:         -431,	335,	-1838
utime: 9037032294
accel[0, 1, 2]:        340,	352,	13856
gyro[0, 1, 2]:         -163,	203,	-1229
utime: 9037082371
accel[0, 1, 2]:        4356,	-1104,	16752
gyro[0, 1, 2]:         155,	109,	-988
utime: 9037132479
accel[0, 1, 2]:        -764,	-484,	15364
gyro[0, 1, 2]:         -267,	744,	-854
utime: 9037182685
accel[0, 1, 2]:        -2580,	1648,	15936
gyro[0, 1, 2]:         -169,	-488,	-1445
utime: 9037232778
accel[0, 1, 2]:        -2912,	428,	16652
gyro[0, 1, 2]:         12,	314,	-887
utime: 9037282864
accel[0, 1, 2]:        712,	-1820,	15592
gyro[0, 1, 2]:         -321,	338,	-831
utime: 9037332968
accel[0, 1, 2]:        108,	1608,	19172
gyro[0, 1, 2]:         -227,	2742,	-18033
